31.506 173.055 0.146 0.009 1034.803
92.203 194.139 0.144 0.022 997.580
155.696 136.816 0.570 -0.002 986.467
139.992 78.375 0.284 0.018 1005.257
24.743 44.016 0.187 0.003 1036.164
129.125 106.694 0.184 -0.015 1027.558
52.533 67.124 0.264 0.001 989.036
128.874 154.632 0.127 -0.001 913.372
98.998 130.208 0.166 0.016 1045.290
80.971 14.746 0.428 0.013 994.642
75.681 82.753 0.139 -0.018 950.833
2.201 4.091 0.103 -0.000 895.083
107.932 169.084 0.124 -0.004 1002.734
172.079 126.470 0.126 0.008 1030.152
67.207 119.428 0.313 -0.029 1006.680
159.218 166.640 0.171 0.022 940.932
33.808 61.014 0.140 -0.013 1014.205
15.445 40.745 0.137 -0.008 1015.014
55.726 8.540 0.139 -0.001 883.750
198.566 198.321 0.404 0.026 932.255
155.101 41.253 0.569 0.017 1018.184
151.630 111.324 0.202 -0.048 975.621
108.613 163.111 0.087 0.015 998.570
171.075 21.949 0.155 0.010 1053.167
195.788 185.335 0.125 -0.010 981.068
129.598 65.123 0.197 0.023 963.194
36.070 40.376 0.394 -0.012 1003.219
44.889 106.978 0.186 0.044 976.732
103.209 106.271 0.197 0.016 969.468
105.428 178.535 0.091 0.019 975.213
17.779 119.094 0.116 -0.003 960.935
55.391 93.942 0.122 0.003 1036.321
44.909 88.304 0.155 -0.003 995.166
81.296 131.205 0.143 -0.022 1036.908
195.482 112.971 0.104 0.026 1034.331
100.624 103.671 0.143 -0.036 1012.881
180.098 40.915 0.250 -0.008 960.899
195.950 132.716 0.283 -0.058 1117.511
31.538 71.904 0.216 -0.022 964.147
147.555 154.486 0.171 0.011 1011.748
11.991 128.387 0.148 -0.001 992.672
193.369 70.665 0.518 -0.038 1008.329
177.171 151.003 0.136 0.021 991.493
78.015 43.217 0.139 0.019 1037.157
29.314 64.750 0.393 0.008 1052.786
144.345 32.842 0.193 0.017 1036.342
94.853 95.377 0.098 -0.004 950.827
164.823 175.604 0.096 0.009 935.497
149.301 122.456 0.112 -0.002 968.040
35.755 5.054 0.393 0.111 1047.512
137.184 120.187 0.093 0.008 1015.723
17.623 4.595 0.133 0.017 1017.887
137.748 156.632 0.086 -0.000 980.797
125.182 172.165 0.089 -0.000 1058.145
95.645 3.290 0.117 0.006 973.330
76.955 56.130 0.118 -0.006 1003.704
100.111 59.750 0.208 0.026 1069.225
42.460 139.023 0.157 0.005 905.627
135.095 34.102 0.395 -0.028 901.049
85.573 198.423 0.097 0.016 1059.092
67.066 133.842 0.197 0.041 1050.547
81.646 116.537 0.242 -0.000 1019.497
137.534 186.379 0.061 -0.005 998.415
118.176 105.520 0.112 -0.011 993.633
6.074 140.434 0.118 0.000 995.611
156.743 23.376 0.292 -0.019 984.385
138.392 33.104 0.140 -0.007 1013.101
50.562 165.516 0.084 -0.000 1040.940
83.163 118.427 0.122 -0.046 1062.628
181.078 86.743 0.153 0.002 980.383
158.864 12.277 0.115 -0.012 1010.589
192.683 139.324 0.255 -0.040 933.774
120.095 38.170 0.122 0.002 1035.098
70.408 6.983 0.462 -0.014 1070.236
189.032 3.046 0.056 -0.012 1021.716
33.844 52.459 0.097 0.004 947.058
29.168 74.200 -0.015 0.059 1017.288
40.343 183.131 0.092 -0.005 1003.370
21.704 158.984 0.151 0.014 975.989
183.840 107.138 0.068 0.002 942.468
143.933 181.200 0.065 0.016 957.624
78.984 1.827 0.324 0.043 1058.037
147.145 135.604 0.390 0.015 1003.012
165.292 195.747 0.076 -0.016 927.060
102.340 9.044 0.166 0.039 1006.043
33.482 195.074 0.381 -0.098 1066.091
73.523 31.302 0.131 0.002 1037.560
57.259 195.372 0.167 0.021 901.030
94.154 136.538 0.074 0.008 1019.703
81.087 120.814 0.055 -0.011 1073.158
193.755 86.924 0.114 0.029 1029.399
189.935 35.220 0.249 -0.009 1021.813
186.348 10.315 0.056 0.001 962.188
180.422 129.020 0.114 -0.040 1019.192
52.590 189.988 0.088 0.004 981.633
146.292 84.909 0.280 0.020 985.221
192.276 130.259 0.143 -0.066 985.441
72.141 138.128 0.102 -0.013 1033.058
191.121 38.026 0.126 -0.052 1024.515
108.938 56.138 0.168 -0.001 1130.781
72.560 130.807 0.057 0.009 1079.083
48.695 137.592 0.118 0.013 1059.337
40.233 117.452 0.109 0.001 991.850
14.804 33.004 0.118 -0.019 1083.189
47.508 146.569 0.125 0.017 1063.076
110.468 8.991 0.080 0.015 944.288
141.689 174.576 0.172 -0.026 990.024
159.854 31.645 0.109 -0.002 982.496
31.724 41.301 -0.153 0.007 976.320
101.516 143.563 0.064 -0.009 1030.447
140.619 136.950 0.172 -0.009 946.216
9.868 132.712 0.154 -0.041 1081.968
5.744 23.652 0.138 0.019 1013.331
6.178 190.421 0.148 -0.000 1014.808
175.892 48.554 0.116 -0.014 944.855
59.981 49.556 0.199 0.001 1078.539
15.883 63.675 0.143 0.002 987.310
51.291 87.068 0.266 0.029 998.122
191.764 185.043 0.033 0.002 932.297
12.567 82.576 0.079 -0.017 977.058
17.749 28.077 0.270 -0.004 1016.117
44.455 143.758 0.031 -0.038 951.267
195.818 197.297 -0.295 0.003 1029.227
16.129 190.991 0.089 0.004 983.872
181.311 197.054 0.023 -0.001 1029.663
140.330 93.892 0.689 0.006 1019.467
130.829 129.490 0.070 0.016 991.279
149.971 151.729 0.051 0.028 1054.832
160.720 117.590 0.065 -0.005 1037.826
24.242 47.947 0.053 -0.002 905.386
78.066 192.997 0.122 -0.028 954.118
57.562 123.867 0.136 -0.011 1049.463
127.955 113.622 0.264 0.004 970.453
113.600 164.058 0.021 -0.000 913.118
190.568 84.838 0.008 -0.027 1015.400
196.016 129.511 0.090 -0.082 1009.983
86.408 97.981 0.053 0.007 1015.075
133.328 94.032 -0.565 0.011 997.598
131.075 82.685 0.092 0.001 998.416
73.433 92.235 0.091 -0.030 1018.607
119.725 97.687 0.051 0.014 1064.928
174.130 12.237 0.192 -0.011 945.119
126.409 51.030 0.710 -0.011 921.680
61.946 150.367 0.190 -0.027 992.449
90.201 9.662 0.224 0.019 1017.190
118.845 83.399 0.060 -0.005 898.794
172.080 178.360 0.041 0.009 973.756
94.250 61.576 0.128 0.023 892.882
47.507 133.304 0.019 -0.010 991.559
144.929 127.503 0.034 -0.004 1037.122
199.864 64.511 0.493 -0.005 919.583
134.701 139.575 0.049 0.017 1070.047
65.234 32.912 0.077 -0.011 1082.757
26.087 112.211 0.081 0.018 952.679
33.591 197.145 1.134 -0.426 1007.336
144.380 83.092 -0.083 -0.027 1023.213
18.890 186.813 0.051 0.004 905.231
47.832 86.084 -0.139 0.013 974.415
140.290 28.737 0.322 0.002 956.632
1.737 68.001 0.128 0.001 1041.383
184.255 37.256 0.675 0.027 1062.145
178.477 134.097 0.076 -0.009 1001.079
22.191 68.879 0.053 -0.003 1015.227
111.878 19.545 0.132 0.043 1012.672
184.484 19.420 0.078 0.008 1024.213
27.347 130.132 0.063 -0.014 1012.693
37.349 192.736 0.074 -0.007 969.873
198.330 63.768 -0.262 0.020 967.303
5.753 92.527 0.398 0.091 952.209
188.456 125.647 0.284 -0.020 919.841
55.862 78.277 0.051 -0.007 1061.216
157.673 22.935 -0.113 0.020 1071.722
165.529 90.583 0.099 0.001 920.272
25.999 87.357 0.033 -0.002 988.560
68.906 31.118 -0.021 0.021 971.315
84.226 146.285 0.039 -0.010 972.877
107.755 183.075 0.051 -0.012 995.593
128.783 41.194 0.087 0.006 1043.222
94.600 118.498 0.376 0.016 1049.580
10.972 178.152 0.099 -0.026 917.930
94.319 79.096 0.149 0.035 984.828
86.055 5.293 0.347 0.025 997.598
23.884 149.837 0.059 0.014 989.459
46.524 36.817 0.082 0.005 1034.724
91.921 21.599 0.484 -0.001 1034.773
60.311 70.017 0.040 0.008 1034.135
190.204 189.495 0.002 0.029 936.936
120.059 154.967 0.011 -0.003 897.180
7.223 13.544 0.142 -0.052 962.432
132.550 51.683 0.111 -0.037 1042.514
184.512 60.048 0.057 0.002 985.978
164.325 31.112 0.027 0.004 1048.575
144.010 151.814 -0.029 -0.021 1010.344
182.679 185.561 -0.001 -0.001 1022.137
25.302 52.700 0.038 -0.048 1056.578
45.979 58.771 0.024 -0.000 997.951
6.170 128.924 0.113 0.052 1025.071
160.404 138.249 0.068 -0.003 980.274
122.811 110.629 0.027 0.003 960.763
75.534 160.379 0.070 -0.002 974.769
169.200 133.565 0.039 0.027 945.745
174.506 92.804 0.064 -0.003 980.449
45.552 81.221 0.700 -0.032 1017.824
90.462 78.393 0.093 -0.028 912.743
192.528 69.987 -0.293 0.027 983.926
7.622 112.868 0.034 -0.002 949.793
132.097 163.305 -0.004 -0.002 879.031
37.687 5.271 0.078 0.079 1031.229
2.466 190.247 -0.028 -0.011 1013.329
159.690 169.952 0.026 -0.053 1006.860
184.212 126.500 -0.247 0.005 908.058
186.989 66.537 0.011 -0.022 966.699
159.779 57.666 0.127 -0.013 989.634
67.700 169.559 0.075 -0.020 1019.238
18.706 76.418 -0.001 0.009 1022.270
149.744 139.316 0.016 -0.008 1021.441
72.995 102.429 0.023 0.002 967.894
77.711 121.702 -0.099 0.039 964.211
181.663 22.789 0.000 0.023 994.428
126.979 148.017 -0.010 -0.002 1000.555
140.746 132.170 -0.040 0.003 984.161
49.396 8.506 0.045 -0.005 1037.204
139.989 27.763 -0.228 -0.004 948.674
42.792 157.160 0.037 -0.004 1019.250
132.349 106.879 -0.040 -0.007 1034.089
48.681 181.204 0.024 0.010 868.655
145.770 108.592 0.013 -0.005 954.272
43.307 27.554 0.059 0.008 902.924
153.580 164.180 -0.014 -0.023 983.529
172.594 33.375 0.064 0.020 972.004
17.553 110.296 0.033 -0.002 1105.663
19.233 7.650 0.023 -0.034 1029.778
91.109 59.988 -0.023 -0.043 963.936
194.027 165.817 0.015 0.003 1031.343
100.840 110.480 0.005 0.006 946.317
48.515 67.156 -0.130 -0.012 1021.141
19.712 23.306 0.039 -0.004 962.820
192.436 104.262 -0.000 0.015 1003.432
47.198 108.807 0.098 0.009 1057.082
188.901 139.546 -0.098 -0.025 945.700
168.157 71.353 0.038 0.012 1020.904
168.510 194.229 -0.039 0.017 998.516
24.333 56.581 -0.040 0.003 1033.580
64.710 116.615 0.241 -0.029 974.989
112.710 57.397 0.124 -0.033 1022.165
36.657 126.105 0.137 0.073 1011.092
173.773 135.046 -0.040 0.010 979.451
128.166 29.329 0.060 0.015 985.376
85.922 46.045 0.018 -0.007 936.186
198.039 60.746 -0.097 -0.013 1022.128
67.720 18.650 0.021 -0.000 1016.447
115.782 171.637 0.260 -0.019 973.380
32.520 166.168 0.022 -0.006 1020.219
57.291 179.218 0.039 0.024 978.661
65.147 124.983 0.009 0.014 948.331
183.223 43.210 0.038 -0.030 966.042
132.905 64.821 0.025 -0.012 983.305
94.937 108.499 0.234 -0.014 908.556
23.328 14.810 0.040 -0.021 1001.145
37.192 44.123 -0.039 -0.017 1018.980
111.538 172.648 -0.312 0.006 1007.477
68.518 1.942 0.082 -0.015 975.293
184.349 144.252 -0.010 0.012 1008.189
97.893 57.115 -0.099 -0.043 966.704
47.700 33.201 -0.038 0.020 910.731
149.412 36.501 0.024 -0.013 928.908
15.135 140.471 0.040 -0.015 1046.380
133.647 134.495 -0.078 -0.017 1032.090
55.895 128.751 -0.015 0.026 1029.728
1.198 155.157 0.035 -0.003 1053.850
72.110 95.947 -0.065 0.015 1038.479
80.607 161.297 -0.010 0.001 993.832
45.974 152.538 -0.030 0.013 1041.686
93.628 73.033 0.074 -0.037 1001.803
163.318 63.823 0.013 0.003 979.669
78.244 78.394 0.011 -0.009 990.929
130.056 12.330 0.059 -0.005 980.462
90.247 126.207 0.156 -0.026 970.111
8.168 154.201 0.001 0.012 968.720
145.119 22.350 0.003 0.006 1125.201
142.928 174.194 -0.161 0.015 975.362
171.852 28.560 -0.033 -0.004 1046.300
1.965 149.214 -0.023 0.010 995.977
73.941 40.920 -0.038 -0.043 918.945
116.625 136.810 -0.022 0.005 938.730
83.773 3.464 -0.051 -0.037 959.127
155.524 136.632 -0.444 -0.004 1008.333
175.607 74.232 0.003 -0.002 964.281
58.820 51.898 -0.094 0.008 1041.972
171.955 14.102 -0.094 0.024 1004.512
117.059 56.429 0.028 0.027 1006.628
56.509 45.043 -0.042 -0.019 1077.212
115.459 49.570 0.002 0.001 992.380
178.808 165.248 -0.002 -0.009 933.113
6.601 169.057 -0.000 0.002 1050.573
63.666 7.554 -0.331 -0.000 982.944
39.884 18.541 0.052 -0.011 1116.506
154.933 45.987 -0.002 -0.004 1103.811
157.561 173.327 -0.040 0.025 1007.226
100.355 6.234 -0.092 -0.056 1077.598
6.677 134.508 -0.129 0.068 983.504
102.788 150.439 0.199 -0.013 979.071
61.035 145.026 0.409 -0.012 1001.823
156.616 88.642 0.023 0.004 1046.565
176.549 35.825 -0.040 -0.018 1005.379
48.798 109.571 -0.101 -0.060 1041.794
168.691 16.685 -0.071 0.036 903.212
95.001 103.590 -0.091 -0.011 1041.498
58.419 151.635 -0.123 0.040 1136.685
182.824 50.603 -0.007 -0.012 935.575
148.784 0.906 1.301 -0.031 993.493
176.785 140.327 -0.045 -0.015 991.230
74.623 64.776 0.031 0.018 994.589
193.013 136.528 -0.127 0.030 988.619
18.794 106.129 -0.035 0.030 983.343
80.860 4.764 -0.299 0.020 927.455
4.988 184.727 -0.042 -0.006 1070.032
178.397 92.297 -0.056 0.015 974.245
135.071 18.741 0.077 0.021 1013.999
121.084 45.097 -0.027 0.017 988.133
111.352 183.471 -0.066 -0.006 1035.444
141.874 136.498 -0.432 0.007 957.968
43.226 12.591 0.512 0.033 1086.205
195.892 123.974 0.196 0.086 970.128
81.683 76.310 -0.054 0.017 1058.538
139.004 76.115 -0.054 0.019 1020.541
157.231 61.430 -0.042 0.017 986.354
13.702 177.164 -0.052 0.015 988.599
95.335 39.682 0.012 0.012 1068.552
54.686 87.920 -0.091 -0.008 1021.044
141.823 1.353 0.602 -0.395 1015.692
125.360 24.792 0.108 -0.003 988.651
23.005 143.688 -0.035 -0.008 902.950
153.154 110.055 -0.052 0.079 946.217
185.253 36.898 -0.119 0.008 1068.137
73.815 61.068 -0.087 -0.014 1017.800
73.081 189.254 0.035 -0.049 973.434
62.878 80.447 -0.057 -0.004 951.563
13.502 21.919 -0.010 -0.001 970.172
98.178 150.495 -0.290 -0.002 929.089
58.000 183.648 -0.028 -0.004 1131.990
64.100 47.366 -0.081 0.017 1000.613
22.834 64.490 -0.376 0.017 994.459
175.273 147.655 -0.095 -0.014 993.833
118.465 26.404 0.034 -0.021 957.198
84.793 182.940 0.002 0.004 992.214
82.122 193.740 -0.032 -0.034 1038.539
159.984 92.548 -0.035 -0.007 1088.463
177.841 83.793 -0.086 -0.017 1090.739
61.167 117.849 -0.245 0.027 1044.316
58.250 191.058 -0.038 0.015 898.744
1.846 196.857 -0.032 0.023 921.200
136.715 19.771 -0.131 -0.067 1014.051
152.322 106.614 -0.122 -0.009 994.717
90.456 117.491 -0.315 0.012 976.142
82.921 33.511 0.103 0.026 1038.959
112.580 21.740 -0.096 -0.050 1053.515
61.032 9.067 -0.077 0.019 916.443
80.606 31.791 -0.212 -0.017 973.815
11.779 143.345 -0.087 0.019 1087.535
65.580 140.610 -0.071 0.029 1006.624
0.332 135.123 -0.061 0.002 946.367
36.473 128.742 -0.088 -0.014 984.120
88.505 192.289 -0.094 -0.027 1039.772
35.108 79.592 -0.043 -0.013 974.338
144.440 79.568 -0.122 0.008 1016.604
2.838 64.221 0.115 0.077 1039.052
122.721 60.627 0.002 -0.036 960.629
179.404 46.961 -0.122 -0.000 967.050
153.358 172.493 -0.108 -0.000 1080.853
21.631 193.184 -0.020 0.013 929.424
111.756 84.244 -0.044 -0.002 947.722
133.445 85.890 -0.099 -0.008 1023.479
38.089 111.603 -0.068 0.003 1093.140
53.897 115.734 -0.072 -0.009 1057.011
154.123 56.338 -0.065 -0.016 983.002
30.871 16.341 0.107 -0.059 1029.289
62.331 120.856 -0.265 0.005 1110.318
8.742 104.769 -0.026 0.012 919.885
195.401 74.930 -0.059 -0.001 952.556
157.934 122.588 -0.089 0.006 962.055
192.699 44.346 -0.025 -0.025 974.447
87.813 22.243 -0.537 0.010 939.857
94.937 126.927 -0.089 -0.023 1020.080
83.231 64.164 -0.080 0.006 1154.018
148.569 143.516 -0.125 0.014 1042.860
87.998 116.631 -0.183 -0.011 904.222
143.843 44.874 0.020 -0.030 1049.614
99.766 122.830 -0.093 0.007 980.254
189.497 73.775 -0.144 0.022 1006.608
138.731 38.145 -0.084 -0.010 989.666
8.588 5.408 -0.010 -0.019 1057.685
33.320 123.925 -0.136 -0.049 1068.504
75.057 0.368 -0.246 -0.035 982.016
194.890 31.186 0.071 0.121 982.845
115.747 92.898 -0.084 -0.004 968.727
81.290 14.969 -0.339 -0.010 992.478
37.295 11.993 -0.479 0.038 1020.798
0.856 49.236 0.156 -0.062 980.999
72.390 152.169 -0.042 0.002 1118.287
133.847 46.529 -0.041 0.031 1088.242
182.448 72.420 -0.101 0.014 1039.432
69.008 72.631 -0.090 0.001 972.365
135.866 49.855 -0.116 -0.015 990.854
194.389 189.902 -0.109 -0.015 1047.574
122.178 24.855 -0.045 0.023 1062.036
178.617 37.509 -0.725 -0.007 1018.356
17.430 59.913 -0.069 0.014 1046.170
71.014 1.529 -0.168 0.024 1028.504
134.343 149.967 -0.106 -0.001 964.688
60.009 1.641 -0.080 -0.010 1035.242
89.170 124.736 -0.313 0.007 938.226
76.495 154.049 -0.105 -0.017 965.205
156.855 143.266 -0.120 -0.006 1013.354
197.434 123.337 -0.248 0.229 1040.277
26.467 169.485 0.014 -0.029 1048.758
118.119 71.165 -0.021 0.032 855.470
184.465 162.279 -0.050 -0.010 1006.095
2.837 48.903 -0.048 0.013 993.388
39.594 81.735 -0.507 -0.024 936.820
119.823 23.194 -0.297 -0.047 987.212
131.050 35.591 -0.313 0.022 1083.522
123.592 57.498 -0.137 0.008 976.183
3.624 126.563 -0.183 -0.046 1003.935
129.602 172.034 -0.094 -0.001 923.705
89.222 74.562 -0.060 0.043 1000.223
39.025 33.253 -0.081 0.011 950.904
14.197 45.112 -0.081 -0.004 997.685
57.695 198.992 -0.015 -0.010 1037.116
168.298 38.948 -0.106 0.002 955.993
160.151 53.432 -0.121 0.023 1034.988
53.146 145.375 -0.530 -0.001 1017.642
165.797 95.710 -0.097 -0.007 958.623
147.600 10.627 -0.023 0.016 980.281
174.718 182.933 -0.072 -0.022 1029.602
26.710 158.112 -0.070 -0.001 913.336
35.528 24.598 -0.076 0.001 1038.731
25.521 181.933 -0.039 0.026 1047.479
36.726 10.076 -0.174 -0.061 921.015
24.890 172.744 -0.115 0.031 1089.372
114.154 109.842 -0.108 0.009 929.800
108.794 3.290 -0.069 -0.006 1066.277
191.687 23.044 -0.043 0.017 992.948
29.231 44.884 -0.162 0.020 957.727
13.133 28.704 -0.294 0.005 1040.511
51.266 123.975 -0.144 0.007 965.486
55.925 61.217 -0.109 0.008 942.806
95.911 176.356 -0.062 -0.000 1002.503
110.323 196.241 -0.039 -0.001 948.619
92.957 109.987 -0.359 0.032 1037.150
17.449 157.736 -0.126 -0.015 1068.218
137.359 194.586 -0.044 -0.006 994.918
163.928 80.280 -0.090 0.003 912.176
98.493 44.516 -0.079 -0.023 925.531
190.968 157.076 -0.060 -0.006 998.826
77.507 178.084 -0.057 -0.011 964.624
123.198 51.294 -0.650 0.010 1052.119
170.112 139.514 -0.138 -0.005 976.052
19.666 173.591 -0.111 0.028 978.103
31.081 14.802 -0.206 0.046 1011.014
90.362 75.604 -0.347 -0.006 1025.969
63.039 131.750 -0.199 -0.043 1003.683
156.622 154.974 -0.097 -0.008 940.402
123.146 113.998 -0.324 -0.015 1058.823
27.638 117.197 -0.100 -0.002 999.251
100.869 39.953 -0.114 0.016 1031.994
135.089 75.895 -0.188 -0.024 1035.820
65.718 172.864 -0.116 0.028 956.955
111.491 55.310 -0.287 0.021 987.127
39.214 148.768 -0.118 0.010 1026.468
125.915 2.939 -0.036 -0.008 916.829
88.441 7.764 -0.279 -0.022 1014.200
156.821 187.185 -0.042 0.003 995.087
108.667 130.117 -0.098 -0.011 998.752
52.817 108.469 -0.160 0.007 1022.767
10.788 61.714 -0.065 0.005 975.481
191.411 93.761 -0.081 -0.001 986.752
171.569 1.952 -0.001 0.012 995.561
33.973 139.521 -0.115 0.008 941.663
78.030 137.391 -0.143 0.009 991.900
156.005 181.900 -0.102 -0.012 1014.038
40.928 80.196 -0.440 0.002 1025.918
139.979 46.619 -0.195 0.033 1078.773
146.630 40.577 -0.568 -0.002 1003.815
23.403 122.990 -0.121 0.005 990.737
155.808 94.984 -0.141 0.031 933.070
74.431 13.794 -0.141 -0.007 1047.376
114.983 68.952 -0.150 -0.032 985.566
164.988 155.687 -0.099 0.001 1010.728
131.286 68.469 -0.185 -0.006 958.250
139.578 105.464 -0.131 -0.011 1083.853
