500 10 100 100.000 100
30.756 173.003 1034.803
91.442 194.004 997.580
153.964 136.845 986.467
138.576 78.379 1005.257
23.812 43.961 1036.164
128.210 106.773 1027.558
51.006 67.117 989.036
128.228 154.635 913.372
98.137 130.144 1045.290
79.534 14.658 994.642
74.982 82.843 950.833
1.680 4.091 895.083
107.308 169.106 1002.734
171.444 126.437 1030.152
65.474 119.631 1006.680
158.347 166.554 940.932
33.096 61.075 1014.205
14.750 40.792 1015.014
55.030 8.545 883.750
196.392 198.216 932.255
150.791 41.174 1018.184
150.660 111.513 975.621
108.177 163.031 998.570
170.291 21.903 1053.167
195.144 185.383 981.068
128.636 65.007 963.194
33.470 40.421 1003.219
43.971 106.781 976.732
102.187 106.146 969.468
104.968 178.438 975.213
17.197 119.118 960.935
54.774 93.948 1036.321
44.133 88.298 995.166
80.570 131.314 1036.908
194.954 112.847 1034.331
99.748 103.877 1012.881
178.863 40.982 960.899
194.511 132.998 1117.511
30.379 72.090 964.147
146.700 154.474 1011.748
11.240 128.398 992.672
191.437 70.936 1008.329
176.465 150.901 991.493
77.304 43.118 1037.157
26.325 64.716 1052.786
143.373 32.748 1036.342
94.349 95.396 950.827
164.333 175.558 935.497
148.739 122.466 968.040
33.754 4.514 1047.512
136.716 120.147 1015.723
16.956 4.526 1017.887
137.319 156.624 980.797
124.738 172.167 1058.145
95.056 3.262 973.330
76.351 56.154 1003.704
99.011 59.578 1069.225
41.674 138.999 905.627
132.769 34.202 901.049
85.078 198.338 1059.092
66.024 133.583 1050.547
80.454 116.518 1019.497
137.227 186.397 998.415
117.607 105.576 993.633
5.478 140.442 995.611
155.520 23.499 984.385
137.660 33.148 1013.101
50.138 165.516 1040.940
82.510 118.656 1062.628
180.284 86.717 980.383
158.285 12.346 1010.589
191.246 139.497 933.774
119.485 38.166 1035.098
66.924 7.062 1070.236
188.748 3.105 1021.716
33.346 52.438 947.058
29.315 73.830 1017.288
39.870 183.143 1003.370
20.913 158.890 975.989
183.497 107.125 942.468
143.604 181.122 957.624
194.508 99.150 979.798
76.975 1.663 1058.037
144.551 135.517 1003.012
164.915 195.822 927.060
101.448 8.810 1006.043
31.573 195.329 1066.091
72.855 31.289 1037.560
56.430 195.255 901.030
93.777 136.495 1019.703
80.783 120.891 1073.158
193.165 86.769 1029.399
188.686 35.265 1021.813
186.064 10.311 962.188
179.853 129.225 1019.192
52.152 189.970 981.633
144.766 84.862 985.221
191.577 130.565 985.441
71.622 138.193 1033.058
190.466 38.294 1024.515
108.135 56.130 1130.781
72.268 130.765 1079.083
48.101 137.522 1059.337
39.675 117.435 991.850
14.210 33.129 1083.189
46.878 146.486 1063.076
110.061 8.920 944.288
140.986 174.726 990.024
159.309 31.652 982.496
33.131 41.269 976.320
101.190 143.610 1030.447
139.915 136.990 946.216
9.001 132.939 1081.968
5.047 23.547 1013.331
5.395 190.422 1014.808
175.319 48.619 944.855
58.995 49.428 1078.539
15.167 63.658 987.310
49.639 86.957 998.122
191.596 185.028 932.297
12.166 82.671 977.058
15.925 28.076 1016.117
44.293 143.963 951.267
197.430 197.250 1029.227
15.682 190.972 983.872
181.198 197.062 1029.663
135.927 93.857 1019.467
130.479 129.414 991.279
149.691 151.558 1054.832
160.387 117.616 1037.826
23.977 48.003 905.386
77.457 193.147 954.118
56.869 123.913 1049.463
126.149 113.584 970.453
113.492 164.053 913.118
190.544 84.988 1015.400
195.572 129.904 1009.983
86.135 97.949 1015.075
137.127 93.978 997.598
130.629 82.669 998.416
72.963 92.389 1018.607
119.464 97.615 1064.928
173.089 12.227 945.119
123.653 51.050 921.680
60.869 150.514 992.449
89.041 9.633 1017.190
118.544 83.431 898.794
171.871 178.320 973.756
93.577 61.449 892.882
47.406 133.351 991.559
144.756 127.509 1037.122
197.802 64.570 919.583
134.463 139.474 1070.047
64.852 32.964 1082.757
25.677 112.132 952.679
45.388 101.649 1111.321
28.508 199.196 1007.336
144.895 83.183 1023.213
18.632 186.798 905.231
48.857 86.004 974.415
139.034 28.723 956.632
1.096 68.004 1041.383
180.859 37.075 1062.145
178.090 134.148 1001.079
21.935 68.886 1015.227
111.249 19.349 1012.672
184.086 19.386 1024.213
27.030 130.207 1012.693
36.958 192.782 969.873
199.219 63.674 967.303
3.418 91.992 952.209
186.430 125.736 919.841
55.605 78.316 1061.216
158.010 22.810 1071.722
165.024 90.587 920.272
25.832 87.363 988.560
69.019 31.020 971.315
84.028 146.335 972.877
107.506 183.140 995.593
128.354 41.155 1043.222
92.150 118.443 1049.580
10.497 178.275 917.930
93.518 78.921 984.828
83.853 5.247 997.598
23.587 149.770 989.459
46.104 36.768 1034.724
89.340 21.591 1034.773
60.109 69.979 1034.135
190.211 189.364 936.936
120.006 154.986 897.180
6.494 13.815 962.432
131.995 51.860 1042.514
184.223 60.044 985.978
164.186 31.095 1048.575
144.176 151.910 1010.344
182.685 185.565 1022.137
25.101 52.934 1056.578
45.858 58.771 997.951
5.507 128.627 1025.071
160.039 138.260 980.274
122.695 110.635 960.763
75.180 160.397 974.769
169.007 133.429 945.745
174.189 92.814 980.449
41.453 81.492 1017.824
90.028 78.523 912.743
193.266 69.785 983.926
7.454 112.877 949.793
132.115 163.314 879.031
37.204 4.826 1031.229
2.644 190.300 1013.329
159.540 170.223 1006.860
186.047 126.507 908.058
186.933 66.654 966.699
159.127 57.721 989.634
67.298 169.653 1019.238
18.713 76.369 1022.270
149.644 139.348 1021.441
72.875 102.419 967.894
78.265 121.492 964.211
181.664 22.662 994.428
127.034 148.025 1000.555
140.958 132.175 984.161
49.174 8.530 1037.204
140.757 27.791 948.674
42.607 157.179 1019.250
132.529 106.917 1034.089
48.558 181.152 868.655
145.707 108.622 954.272
43.005 27.515 902.924
153.656 164.282 983.529
172.280 33.287 972.004
17.396 110.310 1105.663
19.117 7.808 1029.778
91.257 60.216 963.936
193.948 165.801 1031.343
100.803 110.444 946.317
49.363 67.214 1021.141
19.501 23.323 962.820
192.438 104.183 1003.432
46.776 108.740 1057.082
189.570 139.681 945.700
167.968 71.294 1020.904
168.697 194.147 998.516
24.544 56.550 1033.580
63.053 116.676 974.989
112.111 57.663 1022.165
35.925 125.678 1011.092
173.979 134.996 979.451
127.867 29.260 985.376
85.831 46.078 936.186
198.542 60.768 1022.128
67.616 18.657 1016.447
113.803 171.711 973.380
32.408 166.199 1020.219
57.095 179.103 978.661
65.095 124.910 948.331
183.009 43.364 966.042
132.756 64.886 983.305
93.695 108.542 908.556
23.126 14.915 1001.145
37.375 44.208 1018.980
113.750 172.640 1007.477
68.145 1.981 975.293
184.401 144.183 1008.189
98.440 57.371 966.704
47.894 33.123 910.731
149.299 36.531 928.908
14.910 140.515 1046.380
134.052 134.580 1032.090
55.973 128.615 1029.728
1.025 155.174 1053.850
72.447 95.861 1038.479
80.657 161.292 993.832
46.122 152.467 1041.686
93.189 73.227 1001.803
163.248 63.807 979.669
78.191 78.442 990.929
127.801 101.325 1038.118
129.757 12.359 980.462
89.568 126.420 970.111
8.163 154.140 968.720
145.100 22.316 1125.201
143.579 174.096 975.362
172.016 28.587 1046.300
2.080 149.154 995.977
74.146 41.146 918.945
116.734 136.785 938.730
99.266 102.008 1060.557
84.043 3.553 959.127
156.647 136.659 1008.333
175.595 74.242 964.281
59.281 51.973 1041.972
172.488 14.026 1004.512
116.904 56.279 1006.628
56.724 45.148 1077.212
115.449 49.563 992.380
178.822 165.294 933.113
6.603 169.047 1050.573
66.636 7.524 982.944
39.620 18.612 1116.506
154.925 46.006 1103.811
157.770 173.196 1007.226
100.861 6.554 1077.598
7.423 134.137 983.504
101.170 150.502 979.071
172.178 99.419 964.670
57.422 145.061 1001.823
156.502 88.613 1046.565
176.815 35.947 1005.379
49.230 109.875 1041.794
169.062 16.510 903.212
95.502 103.634 1041.498
59.141 151.434 1136.685
182.856 50.661 935.575
140.612 1.843 993.493
52.770 100.689 1047.740
177.014 140.397 991.230
74.464 64.686 994.589
193.646 136.386 988.619
18.963 105.964 983.343
82.807 4.700 927.455
5.201 184.756 1070.032
178.674 92.221 974.245
134.738 18.663 1013.999
121.223 45.023 988.133
111.675 183.494 1035.444
144.555 136.478 957.968
39.754 12.390 1086.205
195.055 123.559 970.128
81.953 76.220 1058.538
139.232 75.909 1020.541
157.456 61.357 986.354
13.950 177.094 988.599
95.281 39.627 1068.552
55.122 87.932 1021.044
140.242 2.818 1015.692
124.744 24.793 988.651
23.182 143.730 902.950
153.349 109.699 946.217
185.621 36.868 1068.137
74.269 61.147 1017.800
72.904 189.503 973.434
63.165 80.463 951.563
13.559 21.915 970.172
100.290 150.506 929.089
58.143 183.662 1131.990
64.502 47.286 1000.613
25.783 64.434 994.459
175.765 147.727 993.833
118.315 26.499 957.198
84.781 182.921 992.214
82.280 193.912 1038.539
160.158 92.586 1088.463
178.297 83.888 1090.739
62.831 117.808 1044.316
58.439 190.995 898.744
2.012 196.743 921.200
137.317 20.068 1014.051
152.948 106.677 994.717
92.643 117.411 976.142
82.269 33.437 1038.959
113.031 21.978 1053.515
61.395 8.992 916.443
81.813 31.812 973.815
12.240 143.275 1087.535
65.931 140.469 1006.624
0.645 135.102 946.367
36.902 128.819 984.120
89.008 192.446 1039.772
35.351 79.669 974.338
145.041 79.509 1016.604
2.239 63.771 1039.052
122.716 60.783 960.629
180.021 46.977 967.050
153.913 172.498 1080.853
21.735 193.114 929.424
111.983 84.254 947.722
133.932 85.941 1023.479
38.436 111.591 1093.140
54.263 115.786 1057.011
154.461 56.425 983.002
30.449 16.662 1029.289
63.796 120.766 1110.318
8.869 104.704 919.885
195.688 74.918 952.556
158.389 122.554 962.055
192.824 44.473 974.447
90.666 22.209 939.857
95.397 127.021 1020.080
83.637 64.136 1154.018
149.204 143.454 1042.860
88.896 116.686 904.222
143.724 45.046 1049.614
100.231 122.796 980.254
190.274 73.646 1006.608
139.150 38.196 989.666
8.638 5.504 1057.685
34.068 124.223 1068.504
76.722 0.506 982.016
194.549 30.587 982.845
116.171 92.918 968.727
82.261 15.032 992.478
40.695 11.813 1020.798
0.125 49.545 980.999
72.604 152.156 1118.287
134.051 46.385 1088.242
182.961 72.350 1039.432
69.461 72.624 972.365
136.440 49.929 990.854
194.936 189.979 1047.574
122.311 24.819 1062.036
182.442 37.489 1018.356
17.776 59.837 1046.170
71.830 1.434 1028.504
134.876 149.986 964.688
60.411 1.697 1035.242
90.657 124.623 938.226
77.022 154.138 965.205
157.457 143.289 1013.354
198.944 122.211 1040.277
26.378 169.637 1048.758
118.213 70.985 855.470
184.716 162.328 1006.095
3.019 48.832 993.388
42.727 81.851 936.820
121.475 23.374 987.212
132.948 35.515 1083.522
124.282 57.492 976.183
4.651 126.842 1003.935
130.073 172.046 923.705
89.639 74.316 1000.223
39.436 33.199 950.904
14.612 45.142 997.685
57.762 199.043 1037.116
168.835 38.935 955.993
160.751 53.311 1034.988
57.353 145.391 1017.642
166.288 95.737 958.623
147.718 10.544 980.281
175.083 183.042 1029.602
27.058 158.119 913.336
35.912 24.591 1038.731
25.712 181.810 1047.479
37.544 10.397 921.015
25.500 172.577 1089.372
114.707 109.788 929.800
109.141 3.319 1066.277
191.904 22.957 992.948
30.049 44.792 957.727
15.077 28.668 1040.511
52.006 123.936 965.486
56.471 61.184 942.806
96.223 176.356 1002.503
110.522 196.246 948.619
94.842 109.862 1037.150
18.115 157.825 1068.218
137.582 194.619 994.918
164.381 80.262 912.176
98.890 44.633 925.531
191.270 157.101 998.826
77.794 178.139 964.624
125.759 51.255 1052.119
170.811 139.535 976.052
20.228 173.452 978.103
32.009 14.518 1011.014
92.073 75.667 1025.969
64.096 132.018 1003.683
157.109 155.011 940.402
125.196 114.071 1058.823
28.146 117.195 999.251
101.438 39.877 1031.994
136.082 76.039 1035.820
66.322 172.730 956.955
112.891 55.124 987.127
39.820 148.727 1026.468
113.178 99.394 942.063
126.100 2.980 916.829
89.855 7.770 1014.200
157.027 187.175 995.087
109.162 130.175 998.752
53.615 108.435 1022.767
11.126 61.694 975.481
191.819 93.769 986.752
171.574 1.892 995.561
34.555 139.478 941.663
78.749 137.345 991.900
7.218 100.504 1046.929
156.519 181.950 1014.038
43.173 80.077 1025.918
119.527 100.685 969.045
140.990 46.438 1078.773
150.931 40.618 1003.815
24.012 122.961 990.737
156.528 94.833 933.070
75.156 13.832 1047.376
115.755 69.128 985.566
165.489 155.682 1010.728
132.212 68.493 958.250
140.238 105.530 1083.853
0.000 58.040 10103.161
159.923 0.000 9360.945
200.000 34.686 10018.661
31.649 200.000 10498.969
0.000 16.602 9663.140
142.062 0.000 9053.650
200.000 125.697 9038.505
69.162 200.000 11029.820
0.000 91.214 10087.300
31.893 0.000 10055.971
200.000 180.333 10010.357
95.943 200.000 9238.819
0.000 44.542 10238.800
186.654 0.000 10444.603
200.000 120.407 10060.463
75.092 200.000 9750.107
0.000 193.088 10151.033
105.173 0.000 9332.303
200.000 108.950 10245.819
12.619 200.000 9111.265
0.000 174.965 10062.690
14.655 0.000 9711.705
200.000 21.044 9469.802
192.677 200.000 10747.515
0.000 31.724 10933.476
120.791 0.000 9903.074
200.000 31.179 10730.980
179.673 200.000 10210.048
0.000 3.093 9300.273
195.054 0.000 10202.458
200.000 123.146 9948.702
86.170 200.000 10240.056
0.000 14.755 9977.322
68.469 0.000 9319.241
200.000 32.290 10361.174
147.843 200.000 9947.615
0.000 98.108 10893.167
105.801 0.000 10425.768
200.000 15.742 10387.233
6.596 200.000 9929.645
0.000 169.123 8745.242
13.878 0.000 9502.700
200.000 197.722 10061.739
1.834 200.000 9664.720
0.000 118.580 10281.532
164.811 0.000 9528.263
200.000 190.187 10250.739
71.759 200.000 9759.963
0.000 86.690 9731.971
28.405 0.000 10301.043
200.000 126.639 9308.728
57.306 200.000 9383.265
0.000 180.865 10147.240
66.604 0.000 9857.831
200.000 115.476 9304.087
57.854 200.000 9318.541
0.000 185.562 10060.792
99.156 0.000 10873.387
200.000 70.930 9844.422
33.223 200.000 9864.488
0.000 3.077 10061.081
157.285 0.000 10072.896
200.000 43.822 11346.518
106.915 200.000 10229.897
0.000 109.829 11066.477
56.991 0.000 9435.303
200.000 74.344 10614.845
52.169 200.000 9231.114
0.000 111.104 10694.493
138.610 0.000 10043.452
200.000 17.782 9368.327
197.437 200.000 10291.647
0.000 43.151 8767.702
176.775 0.000 9998.880
200.000 59.803 9746.804
143.787 200.000 10512.934
0.000 142.016 10425.963
100.504 0.000 9897.004
200.000 174.906 10261.209
67.997 200.000 9771.114
0.000 168.635 9826.361
134.954 0.000 9708.480
200.000 158.135 10084.914
53.323 200.000 9712.268
0.000 167.715 9210.694
81.624 0.000 10068.308
200.000 135.347 10167.847
199.361 200.000 10063.603
0.000 183.133 11282.372
109.160 0.000 10547.393
200.000 154.285 9840.282
39.354 200.000 9626.789
0.000 93.209 10528.799
153.387 0.000 10289.260
200.000 60.735 9816.053
75.540 200.000 9408.227
0.000 75.536 9992.739
156.144 0.000 10554.668
200.000 129.319 9942.034
164.650 200.000 9552.118
0.000 100.000
