30.771 173.004 0.028 0.002 1034.803
91.470 194.006 0.051 0.004 997.580
153.982 136.844 0.033 -0.001 986.467
138.593 78.378 0.032 -0.002 1005.257
23.827 43.962 0.027 0.002 1036.164
128.222 106.773 0.023 -0.001 1027.558
51.029 67.117 0.042 -0.000 989.036
128.238 154.635 0.018 -0.000 913.372
98.149 130.144 0.022 0.001 1045.290
79.555 14.658 0.039 0.000 994.642
74.992 82.842 0.018 -0.002 950.833
1.849 4.180 0.301 0.158 895.083
107.318 169.104 0.019 -0.003 1002.734
171.456 126.437 0.022 0.000 1030.152
65.498 119.627 0.044 -0.007 1006.680
158.361 166.554 0.025 0.001 940.932
33.107 61.074 0.020 -0.002 1014.205
14.765 40.791 0.027 -0.002 1015.014
55.048 8.542 0.033 -0.007 883.750
196.566 198.271 0.317 0.106 932.255
150.903 41.174 0.205 0.000 1018.184
150.673 111.512 0.024 -0.003 975.621
108.185 163.032 0.015 0.001 998.570
170.307 21.905 0.029 0.004 1053.167
195.177 185.387 0.060 0.007 981.068
128.649 65.008 0.023 0.003 963.194
33.520 40.421 0.092 0.000 1003.219
43.984 106.782 0.024 0.003 976.732
102.202 106.148 0.027 0.004 969.468
104.978 178.438 0.018 0.000 975.213
17.210 119.118 0.024 0.001 960.935
54.784 93.947 0.017 -0.001 1036.321
44.144 88.298 0.021 0.000 995.166
80.580 131.313 0.019 -0.003 1036.908
194.989 112.851 0.064 0.007 1034.331
99.765 103.875 0.031 -0.005 1012.881
178.883 40.982 0.036 -0.001 960.899
194.557 132.991 0.082 -0.014 1117.511
30.396 72.086 0.031 -0.007 964.147
146.713 154.473 0.024 -0.003 1011.748
11.255 128.399 0.028 0.003 992.672
191.470 70.932 0.061 -0.007 1008.329
176.478 150.902 0.025 0.001 991.493
77.315 43.118 0.020 0.001 1037.157
26.415 64.716 0.157 -0.001 1052.786
143.388 32.749 0.027 0.003 1036.342
94.357 95.396 0.015 -0.001 950.827
164.344 175.558 0.020 0.001 935.497
148.748 122.465 0.017 -0.000 968.040
33.788 4.525 0.062 0.020 1047.512
136.723 120.147 0.014 0.001 1015.723
16.992 4.539 0.065 0.024 1017.887
137.327 156.624 0.014 -0.000 980.797
124.747 172.167 0.015 -0.001 1058.145
95.095 3.247 0.071 -0.028 973.330
76.360 56.153 0.017 -0.001 1003.704
99.026 59.581 0.027 0.006 1069.225
41.686 139.000 0.022 0.001 905.627
132.803 34.201 0.062 -0.002 901.049
85.186 198.384 0.197 0.086 1059.092
66.039 133.587 0.027 0.007 1050.547
80.470 116.518 0.028 0.000 1019.497
137.237 186.397 0.018 -0.000 998.415
117.615 105.575 0.016 -0.001 993.633
5.502 140.440 0.042 -0.005 995.611
155.539 23.498 0.034 -0.002 984.385
137.673 33.148 0.023 -0.001 1013.101
50.147 165.517 0.017 0.002 1040.940
82.520 118.653 0.018 -0.005 1062.628
180.298 86.718 0.026 0.000 980.383
158.304 12.348 0.035 0.003 1010.589
191.278 139.493 0.059 -0.007 933.774
119.496 38.166 0.019 0.001 1035.098
67.051 7.061 0.221 -0.001 1070.236
188.792 3.115 0.080 0.018 1021.716
33.355 52.439 0.017 0.000 947.058
29.316 73.835 0.003 0.009 1017.288
39.884 183.144 0.026 0.001 1003.370
20.929 158.891 0.029 0.002 975.989
183.508 107.127 0.020 0.003 942.468
143.613 181.124 0.016 0.003 957.624
77.033 1.660 0.104 -0.005 1058.037
144.596 135.518 0.082 0.002 1003.012
164.944 195.811 0.052 -0.020 927.060
101.481 8.816 0.060 0.012 1006.043
31.617 195.348 0.079 0.035 1066.091
72.866 31.289 0.021 -0.000 1037.560
56.493 195.264 0.114 0.017 901.030
93.783 136.495 0.012 0.000 1019.703
80.789 120.890 0.011 -0.002 1073.158
193.179 86.769 0.026 0.001 1029.399
188.713 35.264 0.049 -0.002 1021.813
186.083 10.312 0.033 0.003 962.188
179.867 129.222 0.025 -0.006 1019.192
52.174 189.977 0.040 0.013 981.633
144.787 84.862 0.037 -0.000 985.221
191.606 130.559 0.051 -0.011 985.441
71.630 138.192 0.016 -0.001 1033.058
190.487 38.290 0.039 -0.007 1024.515
108.147 56.130 0.021 0.000 1130.781
72.273 130.766 0.011 0.001 1079.083
48.111 137.523 0.018 0.001 1059.337
39.685 117.435 0.017 0.001 991.850
14.224 33.126 0.026 -0.006 1083.189
46.888 146.487 0.019 0.001 1063.076
110.084 8.927 0.042 0.013 944.288
140.997 174.724 0.020 -0.003 990.024
159.320 31.653 0.021 0.001 982.496
33.101 41.269 -0.055 0.000 976.320
101.196 143.609 0.012 -0.002 1030.447
139.924 136.990 0.017 -0.001 946.216
9.020 132.941 0.034 0.003 1081.968
5.067 23.546 0.036 -0.001 1013.331
5.440 190.428 0.081 0.010 1014.808
175.331 48.619 0.022 -0.001 944.855
59.008 49.431 0.024 0.005 1078.539
15.180 63.658 0.024 -0.001 987.310
49.669 86.958 0.054 0.001 998.122
191.616 185.030 0.036 0.003 932.297
12.179 82.668 0.024 -0.005 977.058
15.964 28.076 0.071 0.002 1016.117
44.299 143.961 0.010 -0.005 951.267
197.569 197.261 0.256 0.008 1029.227
15.702 190.970 0.038 -0.003 983.872
181.235 197.039 0.069 -0.042 1029.663
135.959 93.857 0.059 0.001 1019.467
130.486 129.415 0.012 0.001 991.279
149.697 151.560 0.012 0.004 1054.832
160.394 117.616 0.013 -0.000 1037.826
23.984 48.002 0.014 -0.002 905.386
77.489 193.136 0.059 -0.019 954.118
56.880 123.912 0.019 -0.000 1049.463
126.184 113.585 0.064 0.001 970.453
113.496 164.053 0.008 -0.001 913.118
190.551 84.986 0.014 -0.004 1015.400
195.626 129.890 0.097 -0.026 1009.983
86.140 97.949 0.010 0.001 1015.075
137.107 93.978 -0.037 0.001 997.598
130.636 82.670 0.013 0.002 998.416
72.970 92.386 0.014 -0.004 1018.607
119.470 97.616 0.010 0.002 1064.928
173.112 12.230 0.041 0.005 945.119
123.672 51.050 0.034 0.001 921.680
60.886 150.514 0.031 0.001 992.449
89.065 9.629 0.043 -0.008 1017.190
118.550 83.430 0.011 -0.001 898.794
171.880 178.321 0.016 0.001 973.756
93.588 61.451 0.019 0.003 892.882
47.411 133.352 0.008 -0.000 991.559
144.761 127.510 0.009 0.000 1037.122
197.859 64.562 0.103 -0.014 919.583
134.468 139.475 0.009 0.003 1070.047
64.860 32.963 0.014 -0.003 1082.757
25.686 112.133 0.017 0.002 952.679
28.571 199.210 0.115 0.024 1007.336
144.891 83.183 -0.006 -0.001 1023.213
18.647 186.800 0.029 0.004 905.231
48.840 86.005 -0.031 0.002 974.415
139.050 28.724 0.030 0.001 956.632
1.114 67.998 0.031 -0.010 1041.383
180.887 37.078 0.051 0.005 1062.145
178.100 134.147 0.020 -0.003 1001.079
21.942 68.885 0.013 -0.001 1015.227
111.263 19.352 0.026 0.006 1012.672
184.101 19.388 0.029 0.003 1024.213
27.038 130.206 0.014 -0.001 1012.693
36.981 192.780 0.042 -0.004 969.873
199.278 63.645 0.109 -0.050 967.303
3.496 91.988 0.141 -0.007 952.209
186.481 125.734 0.090 -0.002 919.841
55.610 78.315 0.010 -0.001 1061.216
158.015 22.812 0.009 0.004 1071.722
165.033 90.587 0.017 -0.000 920.272
25.838 87.362 0.012 -0.001 988.560
69.021 31.021 0.005 0.002 971.315
84.034 146.334 0.009 -0.001 972.877
107.514 183.137 0.015 -0.004 995.593
128.362 41.156 0.015 0.001 1043.222
92.185 118.444 0.063 0.001 1049.580
10.522 178.274 0.046 -0.002 917.930
93.530 78.923 0.022 0.003 984.828
83.906 5.250 0.098 0.005 997.598
23.595 149.771 0.016 0.001 989.459
46.112 36.768 0.015 0.001 1034.724
89.363 21.591 0.042 -0.001 1034.773
60.114 69.979 0.009 0.000 1034.135
190.231 189.367 0.035 0.005 936.936
120.010 154.985 0.006 -0.001 897.180
6.520 13.809 0.047 -0.009 962.432
132.004 51.859 0.017 -0.003 1042.514
184.234 60.045 0.021 0.002 985.978
164.193 31.096 0.013 0.002 1048.575
144.177 151.910 0.001 -0.000 1010.344
182.695 185.565 0.019 -0.001 1022.137
25.108 52.931 0.012 -0.005 1056.578
45.863 58.771 0.008 -0.001 997.951
5.526 128.630 0.035 0.005 1025.071
160.047 138.259 0.014 -0.001 980.274
122.699 110.635 0.007 -0.002 960.763
75.188 160.396 0.014 -0.001 974.769
169.014 133.430 0.012 0.002 945.745
174.196 92.814 0.014 -0.000 980.449
41.482 81.486 0.052 -0.011 1017.824
90.035 78.522 0.012 -0.002 912.743
193.283 69.792 0.032 0.013 983.926
7.476 112.880 0.040 0.005 949.793
132.118 163.313 0.006 -0.001 879.031
37.219 4.833 0.027 0.012 1031.229
2.699 190.314 0.099 0.026 1013.329
159.546 170.221 0.011 -0.005 1006.860
186.022 126.506 -0.042 -0.002 908.058
186.944 66.653 0.019 -0.003 966.699
159.138 57.720 0.020 -0.001 989.634
67.308 169.653 0.019 0.001 1019.238
18.719 76.368 0.010 -0.001 1022.270
149.649 139.347 0.008 -0.001 1021.441
72.879 102.419 0.007 -0.000 967.894
78.261 121.494 -0.008 0.004 964.211
181.674 22.664 0.018 0.005 994.428
127.036 148.024 0.004 -0.001 1000.555
140.959 132.174 0.001 -0.001 984.161
49.184 8.529 0.019 -0.002 1037.204
140.756 27.792 -0.001 0.001 948.674
42.613 157.178 0.012 -0.000 1019.250
132.530 106.916 0.002 -0.001 1034.089
48.568 181.155 0.018 0.005 868.655
145.711 108.622 0.006 -0.000 954.272
43.013 27.515 0.013 0.000 902.924
153.659 164.280 0.005 -0.002 983.529
172.290 33.289 0.017 0.003 972.004
17.405 110.311 0.017 0.001 1105.663
19.133 7.809 0.028 0.001 1029.778
91.257 60.213 0.001 -0.005 963.936
193.963 165.801 0.027 -0.001 1031.343
100.806 110.444 0.005 0.000 946.317
49.352 67.213 -0.018 -0.002 1021.141
19.511 23.322 0.017 -0.001 962.820
192.449 104.188 0.021 0.009 1003.432
46.783 108.741 0.013 0.001 1057.082
189.570 139.677 0.002 -0.008 945.700
167.974 71.294 0.011 0.001 1020.904
168.709 194.146 0.022 -0.002 998.516
24.546 56.551 0.003 0.001 1033.580
63.082 116.677 0.052 0.001 974.989
112.120 57.660 0.017 -0.005 1022.165
35.938 125.683 0.023 0.009 1011.092
173.982 134.997 0.006 0.000 979.451
127.875 29.261 0.015 0.002 985.376
85.835 46.077 0.007 -0.001 936.186
198.755 60.698 0.391 -0.130 1022.128
67.624 18.656 0.013 -0.001 1016.447
113.842 171.710 0.073 -0.001 973.380
32.415 166.200 0.013 0.000 1020.219
57.106 179.105 0.019 0.004 978.661
65.099 124.911 0.007 0.001 948.331
183.020 43.362 0.019 -0.004 966.042
132.761 64.885 0.008 -0.002 983.305
93.710 108.541 0.027 -0.002 908.556
23.136 14.914 0.018 -0.002 1001.145
37.377 44.207 0.004 -0.003 1018.980
113.716 172.639 -0.063 -0.002 1007.477
68.289 1.965 0.258 -0.042 975.293
184.408 144.183 0.013 0.001 1008.189
98.436 57.366 -0.006 -0.009 966.704
47.896 33.123 0.003 0.000 910.731
149.304 36.532 0.010 0.001 928.908
14.920 140.515 0.017 -0.000 1046.380
134.050 134.579 -0.003 -0.002 1032.090
55.975 128.617 0.003 0.003 1029.728
1.039 155.174 0.026 -0.000 1053.850
72.446 95.863 -0.002 0.003 1038.479
80.660 161.292 0.006 -0.001 993.832
46.125 152.468 0.005 0.002 1041.686
93.197 73.226 0.015 -0.003 1001.803
163.253 63.807 0.009 0.001 979.669
78.194 78.441 0.005 -0.002 990.929
129.771 12.358 0.025 -0.001 980.462
89.576 126.415 0.015 -0.009 970.111
8.173 154.139 0.017 -0.002 968.720
145.107 22.317 0.012 0.001 1125.201
143.578 174.097 -0.003 0.002 975.362
172.022 28.588 0.009 0.001 1046.300
2.092 149.157 0.021 0.005 995.977
74.147 41.143 0.002 -0.005 918.945
116.735 136.785 0.003 0.000 938.730
99.260 102.006 -0.011 -0.004 1060.557
84.069 3.562 0.047 0.015 959.127
156.642 136.658 -0.009 -0.001 1008.333
175.600 74.242 0.010 -0.001 964.281
59.280 51.970 -0.003 -0.005 1041.972
172.493 14.028 0.008 0.004 1004.512
116.909 56.280 0.009 0.003 1006.628
56.725 45.146 0.001 -0.003 1077.212
115.453 49.563 0.006 0.001 992.380
178.828 165.293 0.011 -0.001 933.113
6.637 169.044 0.063 -0.005 1050.573
66.545 7.526 -0.157 0.001 982.944
39.628 18.612 0.014 -0.001 1116.506
154.930 46.006 0.008 0.001 1103.811
157.773 173.197 0.004 0.002 1007.226
100.888 6.551 0.048 -0.005 1077.598
7.423 134.137 -0.000 0.000 983.504
101.214 150.501 0.077 -0.001 979.071
57.534 145.062 0.203 0.000 1001.823
156.507 88.614 0.008 0.002 1046.565
176.818 35.945 0.006 -0.003 1005.379
49.229 109.872 -0.002 -0.005 1041.794
169.067 16.514 0.009 0.006 903.212
95.497 103.634 -0.008 0.000 1041.498
59.135 151.434 -0.010 -0.001 1136.685
182.864 50.662 0.014 0.000 935.575
140.757 1.861 0.265 0.030 993.493
177.017 140.395 0.006 -0.002 991.230
74.468 64.687 0.008 0.002 994.589
193.663 136.385 0.029 -0.003 988.619
18.968 105.965 0.009 0.003 983.343
82.796 4.710 -0.019 0.016 927.455
5.247 184.765 0.084 0.016 1070.032
178.676 92.221 0.003 0.001 974.245
134.748 18.662 0.019 -0.000 1013.999
121.226 45.023 0.004 0.001 988.133
111.677 183.493 0.004 -0.002 1035.444
144.516 136.477 -0.072 -0.001 957.968
39.789 12.392 0.065 0.004 1086.205
195.111 123.560 0.102 0.002 970.128
81.953 76.221 -0.001 0.002 1058.538
139.233 75.912 0.002 0.007 1020.541
157.457 61.357 0.002 0.001 986.354
13.962 177.095 0.023 0.003 988.599
95.286 39.627 0.007 -0.000 1068.552
55.120 87.932 -0.003 -0.000 1021.044
140.286 2.828 0.078 0.017 1015.692
124.757 24.793 0.024 0.000 988.651
23.185 143.730 0.006 -0.001 902.950
153.351 109.703 0.003 0.007 946.217
185.628 36.868 0.014 0.001 1068.137
74.266 61.146 -0.004 -0.002 1017.800
72.923 189.503 0.035 -0.001 973.434
63.164 80.462 -0.001 -0.001 951.563
13.566 21.914 0.014 -0.003 970.172
100.246 150.506 -0.079 -0.001 929.089
58.151 183.661 0.016 -0.002 1131.990
64.500 47.287 -0.002 0.001 1000.613
25.698 64.434 -0.147 -0.000 994.459
175.765 147.726 0.000 -0.003 993.833
118.322 26.498 0.012 -0.003 957.198
84.789 182.920 0.015 -0.001 992.214
82.300 193.907 0.036 -0.009 1038.539
160.160 92.585 0.003 -0.000 1088.463
178.297 83.886 -0.000 -0.003 1090.739
62.809 117.806 -0.041 -0.004 1044.316
58.458 190.991 0.034 -0.006 898.744
2.078 196.757 0.120 0.025 921.200
137.318 20.066 0.002 -0.004 1014.051
152.944 106.676 -0.007 -0.002 994.717
92.616 117.412 -0.050 0.002 976.142
82.281 33.437 0.023 -0.000 1038.959
113.032 21.977 0.003 -0.003 1053.515
61.404 8.990 0.016 -0.004 916.443
81.802 31.812 -0.019 -0.000 973.815
12.242 143.275 0.005 0.001 1087.535
65.930 140.471 -0.001 0.003 1006.624
0.654 135.098 0.017 -0.006 946.367
36.901 128.819 -0.002 0.000 984.120
89.018 192.439 0.019 -0.012 1039.772
35.352 79.668 0.001 -0.003 974.338
145.037 79.510 -0.007 0.001 1016.604
2.254 63.776 0.027 0.009 1039.052
122.719 60.781 0.005 -0.002 960.629
180.021 46.978 0.000 0.000 967.050
153.911 172.498 -0.003 -0.001 1080.853
21.748 193.116 0.022 0.003 929.424
111.982 84.254 -0.000 -0.000 947.722
133.930 85.939 -0.004 -0.002 1023.479
38.436 111.591 -0.001 0.000 1093.140
54.262 115.786 -0.002 -0.001 1057.011
154.461 56.424 -0.000 -0.002 983.002
30.459 16.659 0.019 -0.006 1029.289
63.780 120.769 -0.029 0.006 1110.318
8.883 104.703 0.025 -0.002 919.885
195.719 74.908 0.057 -0.019 952.556
158.388 122.555 -0.002 0.001 962.055
192.840 44.470 0.029 -0.006 974.447
90.654 22.209 -0.023 -0.001 939.857
95.394 127.020 -0.005 -0.002 1020.080
83.636 64.136 -0.003 0.000 1154.018
149.200 143.454 -0.007 0.000 1042.860
88.889 116.685 -0.013 -0.002 904.222
143.729 45.044 0.010 -0.004 1049.614
100.228 122.796 -0.005 0.000 980.254
190.278 73.647 0.008 0.001 1006.608
139.150 38.195 -0.001 -0.000 989.666
8.662 5.500 0.043 -0.006 1057.685
34.062 124.219 -0.009 -0.007 1068.504
76.724 0.504 0.006 -0.004 982.016
194.588 30.597 0.070 0.018 982.845
116.168 92.918 -0.004 -0.001 968.727
82.261 15.031 -0.001 -0.002 992.478
40.674 11.815 -0.040 0.003 1020.798
0.156 49.552 0.057 0.012 980.999
72.605 152.156 0.002 -0.000 1118.287
134.052 46.387 0.002 0.003 1088.242
182.963 72.351 0.003 0.000 1039.432
69.459 72.624 -0.004 -0.000 972.365
136.437 49.928 -0.005 -0.001 990.854
194.965 189.976 0.054 -0.006 1047.574
122.316 24.819 0.009 -0.000 1062.036
182.427 37.490 -0.028 0.002 1018.356
17.777 59.838 0.001 0.001 1046.170
71.866 1.447 0.065 0.024 1028.504
134.873 149.986 -0.005 -0.001 964.688
60.445 1.703 0.063 0.011 1035.242
90.645 124.626 -0.022 0.005 938.226
77.019 154.137 -0.004 -0.003 965.205
157.454 143.289 -0.005 -0.001 1013.354
199.170 122.281 0.414 0.126 1040.277
26.387 169.635 0.016 -0.003 1048.758
118.215 70.987 0.003 0.004 855.470
184.721 162.327 0.010 -0.002 1006.095
3.041 48.843 0.039 0.020 993.388
42.711 81.849 -0.028 -0.003 936.820
121.462 23.374 -0.023 -0.001 987.212
132.928 35.515 -0.037 0.000 1083.522
124.278 57.492 -0.008 -0.001 976.183
4.648 126.845 -0.006 0.006 1003.935
130.071 172.046 -0.002 -0.001 923.705
89.636 74.318 -0.005 0.003 1000.223
39.435 33.199 -0.001 0.000 950.904
14.615 45.142 0.005 0.001 997.685
58.012 198.984 0.455 -0.240 1037.116
168.835 38.935 -0.001 0.001 955.993
160.749 53.313 -0.004 0.003 1034.988
57.243 145.390 -0.201 -0.001 1017.642
166.286 95.738 -0.003 0.001 958.623
147.730 10.544 0.022 -0.001 980.281
175.086 183.041 0.007 -0.001 1029.602
27.060 158.119 0.003 -0.000 913.336
35.912 24.591 0.001 -0.001 1038.731
25.719 181.812 0.013 0.005 1047.479
37.542 10.392 -0.003 -0.008 921.015
25.501 172.579 0.002 0.004 1089.372
114.703 109.789 -0.007 0.001 929.800
109.204 3.334 0.116 0.037 1066.277
191.922 22.955 0.034 -0.004 992.948
30.045 44.793 -0.009 0.002 957.727
15.051 28.668 -0.047 0.000 1040.511
52.001 123.937 -0.009 0.001 965.486
56.468 61.184 -0.006 0.000 942.806
96.225 176.355 0.003 -0.002 1002.503
110.539 196.245 0.032 -0.002 948.619
94.824 109.863 -0.032 0.002 1037.150
18.114 157.823 -0.001 -0.004 1068.218
137.590 194.624 0.014 0.008 994.918
164.380 80.262 -0.002 0.000 912.176
98.889 44.631 -0.002 -0.003 925.531
191.281 157.100 0.021 -0.003 998.826
77.798 178.137 0.007 -0.003 964.624
125.746 51.255 -0.022 -0.000 1052.119
170.808 139.535 -0.005 -0.001 976.052
20.231 173.453 0.006 0.002 978.103
32.006 14.521 -0.005 0.006 1011.014
92.057 75.665 -0.030 -0.003 1025.969
64.087 132.014 -0.017 -0.007 1003.683
157.107 155.010 -0.003 -0.001 940.402
125.164 114.070 -0.057 -0.002 1058.823
28.145 117.195 -0.002 0.001 999.251
101.436 39.878 -0.004 0.001 1031.994
136.074 76.037 -0.016 -0.003 1035.820
66.321 172.732 -0.002 0.002 956.955
112.879 55.126 -0.022 0.003 987.127
39.817 148.727 -0.005 0.001 1026.468
126.120 2.983 0.037 0.006 916.829
89.853 7.770 -0.004 0.000 1014.200
157.033 187.174 0.009 -0.001 995.087
109.159 130.174 -0.005 -0.001 998.752
53.609 108.435 -0.011 0.001 1022.767
11.128 61.695 0.004 0.000 975.481
191.821 93.770 0.004 0.001 986.752
171.603 1.892 0.052 -0.001 995.561
34.553 139.479 -0.004 0.001 941.663
78.744 137.345 -0.009 0.000 991.900
156.519 181.950 0.001 -0.001 1014.038
43.156 80.080 -0.030 0.007 1025.918
140.983 46.441 -0.014 0.004 1078.773
150.827 40.617 -0.191 -0.001 1003.815
24.010 122.962 -0.003 0.001 990.737
156.523 94.834 -0.009 0.003 933.070
75.157 13.832 0.001 -0.001 1047.376
115.749 69.126 -0.011 -0.004 985.566
165.488 155.681 -0.002 -0.001 1010.728
132.205 68.493 -0.013 -0.001 958.250
140.233 105.529 -0.008 -0.001 1083.853
