100 50 1000 150.000 2000
15.115 60.053 1010.399
77.158 166.549 1018.962
28.844 80.077 1080.851
109.085 174.598 954.582
171.511 167.585 929.307
185.805 93.690 919.177
164.194 135.468 1014.868
74.353 82.851 971.944
164.562 92.706 961.705
9.158 13.176 980.672
190.674 93.158 908.316
126.977 178.330 999.214
33.593 81.819 1021.310
17.367 164.799 1011.976
28.885 128.732 1026.584
4.256 157.846 1002.721
166.947 131.082 966.765
192.048 117.060 983.879
94.993 15.845 1058.632
35.259 117.305 1000.501
127.837 164.322 976.144
13.201 30.264 1093.068
163.531 60.625 1071.204
5.820 38.056 1007.995
102.880 107.663 941.271
172.721 100.134 1001.241
69.400 8.413 927.026
79.421 135.612 1045.262
43.747 122.914 916.115
99.354 168.754 1055.667
143.934 182.350 998.586
95.480 78.955 946.923
82.659 165.961 1046.351
11.393 26.288 1016.617
99.072 56.934 996.399
177.264 19.648 1015.232
53.558 7.472 1074.698
9.371 63.783 963.480
90.225 59.967 1051.452
133.996 89.486 1040.031
24.794 167.952 962.704
28.735 18.720 873.433
129.295 18.025 963.378
146.081 62.354 993.993
126.491 94.319 911.092
152.147 92.472 980.007
67.462 54.951 1071.290
176.165 171.963 882.841
86.655 111.152 982.111
195.565 195.765 1026.388
75.084 90.278 989.269
139.117 90.510 983.460
146.377 132.487 1060.601
94.769 43.345 1004.646
101.129 65.248 1020.111
55.882 157.556 1035.109
127.024 123.085 955.186
190.148 100.639 1026.812
33.480 179.980 970.892
71.661 145.099 918.634
101.569 166.754 916.902
136.676 191.369 1060.030
9.085 130.357 1042.596
115.569 163.875 1067.920
67.575 118.914 1017.088
109.568 8.844 1077.355
121.727 195.395 925.772
110.398 69.982 1067.302
153.196 62.966 949.422
183.491 106.708 1054.274
2.757 110.319 1028.932
11.398 40.656 980.300
5.677 134.350 974.172
140.492 1.382 1031.965
24.922 189.935 984.158
138.481 141.233 1059.984
174.952 62.109 1000.927
66.312 147.048 921.957
66.927 48.768 991.246
171.015 103.079 1032.283
197.405 62.859 967.115
69.946 142.507 1071.930
72.083 22.441 1078.796
90.161 182.991 1014.593
139.509 33.265 954.793
91.023 110.344 984.319
98.307 116.441 936.367
28.957 176.191 996.788
31.460 106.586 1021.531
57.101 25.779 1015.502
128.601 105.108 981.116
75.533 129.898 1091.319
15.657 17.830 1056.959
173.715 105.309 940.906
168.176 26.007 980.734
197.065 184.510 1004.373
111.408 146.478 913.142
55.517 35.280 853.040
31.548 11.308 1018.546
5.691 156.163 980.378
0.000 9.319 10212.214
122.609 0.000 10222.986
200.000 100.109 9745.083
15.310 200.000 10305.773
0.000 162.015 9747.381
62.584 0.000 10778.262
200.000 6.314 10585.283
129.727 200.000 10559.108
0.000 1.218 10015.026
55.056 0.000 10492.586
200.000 134.654 10251.464
170.918 200.000 10386.302
0.000 19.716 10382.323
33.043 0.000 9975.661
200.000 125.286 9057.661
25.386 200.000 10249.358
0.000 23.803 10698.987
44.226 0.000 9388.529
200.000 12.118 10300.032
58.786 200.000 10149.241
0.000 41.492 10003.303
70.933 0.000 10315.978
200.000 107.900 10046.146
172.376 200.000 10538.748
0.000 179.901 9982.490
146.243 0.000 10346.404
200.000 30.596 10052.565
73.167 200.000 9188.902
0.000 192.788 10538.652
164.948 0.000 10580.933
200.000 31.921 9246.575
53.412 200.000 10007.387
0.000 117.840 9508.451
87.179 0.000 9432.249
200.000 118.497 9848.016
79.264 200.000 10661.147
0.000 144.789 10337.661
145.003 0.000 10404.081
200.000 113.633 9720.961
141.239 200.000 10174.728
0.000 118.544 9603.838
144.040 0.000 9888.545
200.000 9.589 10208.396
56.312 200.000 9500.198
0.000 7.734 9723.380
160.057 0.000 10707.107
200.000 111.165 10568.790
78.254 200.000 9436.055
0.000 128.815 9316.247
31.974 0.000 9447.598
200.000 122.975 9315.155
81.069 200.000 9356.975
0.000 53.061 10670.138
95.955 0.000 10166.507
200.000 10.874 11471.938
198.082 200.000 9968.951
0.000 13.908 10572.485
158.982 0.000 9210.899
200.000 142.533 9985.099
131.813 200.000 8740.210
0.000 12.589 9544.340
47.771 0.000 9478.623
200.000 18.345 9611.252
44.531 200.000 10532.069
0.000 62.094 10339.074
140.131 0.000 10450.813
200.000 73.053 9514.110
151.134 200.000 9776.580
0.000 37.426 9775.440
28.983 0.000 10524.097
200.000 117.902 10237.260
10.675 200.000 9710.012
0.000 150.477 10214.805
67.026 0.000 10319.351
200.000 95.127 10302.495
182.534 200.000 10212.850
0.000 156.040 8900.640
189.474 0.000 9119.664
200.000 71.184 9996.807
59.286 200.000 10106.851
0.000 113.532 9795.998
18.869 0.000 9841.646
200.000 107.750 10125.768
183.923 200.000 9879.855
0.000 197.290 9980.835
63.664 0.000 10620.094
200.000 172.635 10358.548
120.075 200.000 9829.537
0.000 180.677 10089.345
189.835 0.000 10104.051
200.000 21.928 9671.340
158.911 200.000 10178.508
0.000 161.792 9352.114
177.719 0.000 9819.964
200.000 30.112 9523.229
186.973 200.000 9861.051
0.000 81.713 9916.282
43.808 0.000 10191.822
200.000 140.602 10395.411
73.487 200.000 9942.998
0.000 68.358 9795.484
171.323 0.000 9353.033
200.000 128.590 10817.719
166.311 200.000 10994.728
0.000 51.041 10531.959
56.195 0.000 10297.346
200.000 100.481 10155.649
147.259 200.000 10609.941
0.000 180.377 9907.853
27.802 0.000 9869.682
200.000 24.196 9766.629
126.703 200.000 10678.612
0.000 150.112 9458.513
32.035 0.000 9616.745
200.000 167.072 9875.446
168.862 200.000 9831.948
0.000 117.353 9763.113
178.422 0.000 10523.316
200.000 94.593 9387.684
104.950 200.000 9217.243
0.000 71.736 9967.445
90.721 0.000 10138.895
200.000 122.082 10235.620
31.829 200.000 10095.983
0.000 86.891 10372.094
125.597 0.000 8733.427
200.000 2.177 11099.120
76.292 200.000 9989.558
0.000 86.233 9712.719
37.206 0.000 9713.857
200.000 84.457 9804.509
170.435 200.000 10805.044
0.000 83.718 9901.999
38.204 0.000 9535.464
200.000 106.928 10259.552
58.682 200.000 11447.887
0.000 147.469 10264.179
175.429 0.000 9239.602
200.000 110.140 9875.962
19.716 200.000 10527.950
0.000 0.789 9726.073
12.709 0.000 10387.397
200.000 168.251 10134.079
0.184 200.000 9351.256
0.000 129.808 10053.549
7.940 0.000 9209.192
200.000 180.134 10415.973
50.785 200.000 9053.213
0.000 83.771 9636.379
29.842 0.000 9775.876
200.000 113.465 9782.815
195.708 200.000 10441.085
0.000 157.404 10544.586
57.542 0.000 10423.101
200.000 42.307 10150.971
193.428 200.000 8973.596
0.000 144.084 9136.395
6.002 0.000 9936.129
200.000 94.865 10103.349
4.467 200.000 10044.164
0.000 120.933 10666.244
77.268 0.000 10525.236
200.000 138.661 10318.066
154.415 200.000 10127.504
0.000 157.641 11053.653
52.246 0.000 9734.247
200.000 78.568 10874.879
193.063 200.000 9914.985
0.000 174.267 9295.815
109.441 0.000 10490.909
200.000 192.882 9920.616
48.379 200.000 10162.410
0.000 18.516 10439.534
29.831 0.000 10269.922
200.000 33.276 10115.332
160.494 200.000 9762.142
0.000 19.169 10306.429
134.737 0.000 9723.430
200.000 183.470 10099.917
142.415 200.000 10068.699
0.000 22.525 10054.292
13.404 0.000 10248.183
200.000 52.140 9515.461
138.331 200.000 10427.171
0.000 92.970 10527.602
23.042 0.000 9849.384
200.000 114.144 9341.185
150.302 200.000 10504.327
0.000 73.127 9234.773
87.388 0.000 9785.211
200.000 45.602 10591.799
6.206 200.000 9576.814
0.000 162.563 9794.105
4.322 0.000 10154.448
200.000 91.374 9504.399
198.557 200.000 9642.669
0.000 78.954 9610.705
8.885 0.000 10074.336
200.000 125.343 10238.822
144.282 200.000 9906.947
0.000 190.029 10534.977
67.622 0.000 9700.430
200.000 48.760 10880.242
174.800 200.000 9594.949
0.000 58.965 9808.628
109.260 0.000 9600.859
200.000 173.943 9395.211
131.002 200.000 8869.856
0.000 141.124 9540.856
133.526 0.000 10543.049
200.000 42.212 9641.095
81.973 200.000 10327.929
0.000 118.503 9012.048
99.928 0.000 10655.781
200.000 111.854 10592.770
185.194 200.000 9699.432
0.000 116.622 9777.947
183.187 0.000 11211.817
200.000 15.222 10036.977
173.146 200.000 9940.192
0.000 43.508 9937.905
153.193 0.000 9871.899
200.000 76.059 9739.388
123.990 200.000 9669.251
0.000 68.399 10555.752
182.052 0.000 9492.419
200.000 101.906 9162.111
59.640 200.000 9969.587
0.000 60.180 9380.243
97.710 0.000 9548.155
200.000 134.067 10197.078
48.619 200.000 9830.324
0.000 73.898 9780.008
98.306 0.000 10415.885
200.000 125.481 10785.979
84.165 200.000 10267.634
0.000 74.993 10439.581
39.619 0.000 10293.501
200.000 88.019 9080.955
24.656 200.000 9437.550
0.000 168.792 10416.611
62.456 0.000 10341.294
200.000 61.222 9936.557
10.292 200.000 11085.124
0.000 27.912 9975.793
91.601 0.000 10123.261
200.000 119.463 9678.136
103.487 200.000 9846.592
0.000 48.942 10898.277
96.553 0.000 10551.464
200.000 13.138 10146.354
49.331 200.000 9516.558
0.000 186.065 9228.039
78.866 0.000 9345.153
200.000 63.780 9413.490
76.134 200.000 9406.410
0.000 24.532 10467.228
168.840 0.000 9720.755
200.000 156.025 9850.194
81.475 200.000 9814.535
0.000 195.144 10402.439
82.807 0.000 9708.489
200.000 102.004 10299.213
185.162 200.000 9336.559
0.000 71.584 9342.213
171.750 0.000 9800.704
200.000 60.516 9918.317
22.916 200.000 10397.496
0.000 170.467 10234.241
135.704 0.000 9539.008
200.000 185.328 10323.072
172.073 200.000 9559.718
0.000 80.858 10682.263
133.182 0.000 9400.760
200.000 97.467 10017.640
84.849 200.000 10144.150
0.000 185.619 9843.615
190.759 0.000 9328.395
200.000 178.865 9436.498
80.522 200.000 9595.889
0.000 138.085 9695.217
93.830 0.000 11111.095
200.000 134.484 11458.170
191.251 200.000 10481.245
0.000 136.973 10308.109
105.875 0.000 9823.048
200.000 132.052 10099.427
25.366 200.000 10417.182
0.000 132.728 10122.170
130.799 0.000 10533.448
200.000 98.508 10683.353
63.917 200.000 10248.104
0.000 84.872 9565.288
131.078 0.000 10005.392
200.000 148.458 9221.594
132.447 200.000 9055.628
0.000 136.928 9782.737
10.039 0.000 9849.188
200.000 43.566 9964.872
37.620 200.000 10342.041
0.000 148.437 11095.309
172.262 0.000 10044.714
200.000 184.243 10368.690
197.491 200.000 10082.514
0.000 195.777 10290.117
130.207 0.000 9860.402
200.000 110.037 9349.788
75.511 200.000 9653.512
0.000 182.816 9779.067
13.227 0.000 9632.550
200.000 67.859 9646.529
36.859 200.000 9966.302
0.000 55.407 10075.475
154.182 0.000 9574.194
200.000 140.271 9968.120
93.726 200.000 9726.339
0.000 22.192 9689.288
127.723 0.000 10629.030
200.000 179.262 9183.546
142.815 200.000 10781.828
0.000 56.139 10901.221
95.123 0.000 8652.590
200.000 4.414 10480.424
44.413 200.000 9840.902
0.000 94.762 10196.366
75.076 0.000 10290.184
200.000 24.469 9361.348
69.877 200.000 10004.379
0.000 69.932 9869.391
129.554 0.000 10777.794
200.000 195.074 10217.378
22.076 200.000 9250.100
0.000 101.094 9432.187
124.408 0.000 9731.539
200.000 50.669 10380.641
118.171 200.000 9929.460
0.000 149.112 10168.581
112.971 0.000 9786.651
200.000 78.996 10123.647
192.531 200.000 10919.907
0.000 150.956 10051.290
158.634 0.000 10912.875
200.000 4.849 9555.642
160.939 200.000 9329.216
0.000 94.877 9003.935
74.601 0.000 9886.491
200.000 116.955 9021.938
193.983 200.000 9681.728
0.000 112.419 10201.787
178.447 0.000 10960.357
200.000 85.379 9827.104
190.065 200.000 9682.140
0.000 107.652 9040.261
9.254 0.000 9769.497
200.000 71.176 10127.688
97.664 200.000 9329.999
0.000 179.921 9841.015
145.724 0.000 10801.901
200.000 115.667 11049.016
72.424 200.000 9473.096
0.000 115.300 10301.616
129.989 0.000 10248.115
200.000 103.770 9964.796
58.410 200.000 10575.459
0.000 45.590 10775.866
114.822 0.000 9254.160
200.000 3.163 10362.336
77.754 200.000 9734.702
0.000 116.572 9598.064
156.169 0.000 9519.867
200.000 168.776 9286.013
134.869 200.000 9948.916
0.000 146.340 10009.590
30.334 0.000 9919.867
200.000 58.955 9397.354
148.230 200.000 10428.903
0.000 184.315 9617.714
68.740 0.000 10365.682
200.000 60.612 10304.301
34.544 200.000 9492.600
0.000 170.776 10271.475
171.213 0.000 9505.032
200.000 31.509 9610.023
65.497 200.000 10362.106
0.000 118.616 10054.331
183.068 0.000 9723.124
200.000 12.898 10981.035
176.385 200.000 10052.500
0.000 146.173 10110.966
193.386 0.000 9193.634
200.000 189.547 10030.474
190.186 200.000 8894.244
0.000 44.788 9283.303
94.997 0.000 9609.469
200.000 112.827 10551.969
35.605 200.000 9660.212
0.000 54.318 9467.968
47.818 0.000 10587.449
200.000 78.260 9649.294
62.285 200.000 9731.226
0.000 49.579 9554.811
85.085 0.000 9682.235
200.000 78.648 10538.835
194.316 200.000 10143.112
0.000 168.729 9873.204
115.725 0.000 9413.446
200.000 198.872 9797.836
128.493 200.000 10850.120
0.000 8.979 10566.160
139.479 0.000 10742.678
200.000 75.928 10571.456
76.828 200.000 9952.833
0.000 113.750 10623.190
51.087 0.000 9984.978
200.000 93.818 9531.674
89.467 200.000 9508.648
0.000 13.324 9808.734
130.948 0.000 9860.087
200.000 107.937 9526.074
82.723 200.000 10702.862
0.000 41.622 10134.136
69.075 0.000 10079.082
200.000 177.929 10600.753
110.476 200.000 10641.554
0.000 90.374 9699.941
108.820 0.000 9407.632
200.000 87.377 9700.197
100.921 200.000 9356.646
0.000 4.622 10350.319
163.913 0.000 9885.702
200.000 196.434 10292.463
110.073 200.000 10200.324
0.000 81.352 9422.948
171.403 0.000 8807.074
200.000 134.432 9968.164
11.746 200.000 9682.703
0.000 55.980 10298.101
58.367 0.000 10675.411
200.000 45.226 10307.159
152.255 200.000 10002.131
0.000 13.906 9934.456
124.492 0.000 10199.033
200.000 52.072 9773.678
127.703 200.000 9321.705
0.000 120.607 9171.240
47.009 0.000 10354.892
200.000 189.223 9734.688
55.539 200.000 9836.947
0.000 128.803 9998.455
199.585 0.000 10119.225
200.000 61.314 9487.187
96.383 200.000 9623.550
0.000 48.844 9578.445
177.249 0.000 10436.803
200.000 155.516 10020.431
109.252 200.000 9419.635
0.000 133.403 9983.863
199.725 0.000 9496.882
200.000 8.217 10256.490
197.627 200.000 9676.940
0.000 13.135 10926.591
82.770 0.000 9827.285
200.000 23.697 10181.516
65.787 200.000 10276.865
0.000 178.873 9710.762
53.846 0.000 9756.837
200.000 127.567 9916.813
46.567 200.000 10783.018
0.000 60.388 10099.086
1.484 0.000 10485.602
200.000 71.353 9457.175
37.013 200.000 9533.841
0.000 29.499 10478.519
51.772 0.000 9771.607
200.000 58.962 8930.010
149.845 200.000 10767.240
0.000 107.582 9827.014
136.835 0.000 10953.742
200.000 1.450 10235.697
86.317 200.000 9955.693
0.000 188.716 10527.556
30.972 0.000 9270.049
200.000 92.243 10768.596
180.863 200.000 10039.460
0.000 102.437 10436.672
178.694 0.000 10146.316
200.000 15.022 10430.438
131.642 200.000 9798.853
0.000 147.068 11096.213
114.746 0.000 10332.531
200.000 102.617 10538.662
10.881 200.000 10363.289
0.000 101.654 10281.204
79.460 0.000 9865.486
200.000 141.165 10184.196
91.827 200.000 10630.141
0.000 64.662 10424.607
36.192 0.000 9060.711
200.000 150.881 10056.286
50.387 200.000 9823.049
0.000 128.813 10044.721
80.697 0.000 9942.840
200.000 110.009 9898.375
195.764 200.000 9159.309
0.000 140.604 9479.975
59.131 0.000 9717.708
200.000 158.278 10615.818
173.350 200.000 8345.856
0.000 22.899 9588.043
78.723 0.000 10322.569
200.000 129.424 9822.983
160.282 200.000 9634.830
0.000 124.462 9753.474
124.926 0.000 10074.659
200.000 183.922 9734.062
197.232 200.000 11325.366
0.000 162.295 10091.527
49.113 0.000 10745.052
200.000 151.645 8816.887
5.232 200.000 9272.683
0.000 56.495 9465.773
142.023 0.000 9947.449
200.000 70.068 9862.550
141.481 200.000 9844.861
0.000 155.878 10155.338
25.107 0.000 10642.743
200.000 199.072 9586.451
190.707 200.000 10038.717
0.000 4.557 9401.067
117.466 0.000 9654.708
200.000 40.178 9286.933
113.335 200.000 9882.635
0.000 62.164 9742.067
40.367 0.000 9265.404
200.000 142.174 8147.902
93.991 200.000 10124.329
0.000 103.925 10622.544
143.899 0.000 9816.138
200.000 4.808 9771.544
197.543 200.000 10185.270
0.000 121.648 9225.310
199.041 0.000 10800.650
200.000 76.489 10548.304
54.610 200.000 10724.493
0.000 57.824 9177.392
197.832 0.000 10040.274
200.000 196.406 9810.206
187.871 200.000 10388.282
0.000 12.603 10061.299
59.595 0.000 10253.087
200.000 197.108 10327.049
47.893 200.000 10298.437
0.000 140.549 10221.944
3.498 0.000 10115.957
200.000 27.100 10416.343
100.183 200.000 10562.733
0.000 95.832 8882.348
168.695 0.000 9842.770
200.000 22.524 10178.558
171.904 200.000 9419.743
0.000 36.379 9469.841
37.847 0.000 9809.496
200.000 183.813 8897.953
189.564 200.000 9039.682
0.000 174.981 10335.738
128.867 0.000 10221.927
200.000 144.368 10073.113
39.007 200.000 9783.560
0.000 12.264 9281.665
1.530 0.000 9474.404
200.000 190.532 10012.385
42.648 200.000 10129.230
0.000 19.810 9638.345
12.351 0.000 10127.849
200.000 169.135 9743.974
59.220 200.000 10698.956
0.000 130.555 10325.715
166.691 0.000 9987.862
200.000 103.121 10614.145
182.556 200.000 9050.070
0.000 155.100 10137.617
113.633 0.000 9238.705
200.000 44.248 10233.177
29.311 200.000 10365.984
0.000 4.752 10684.481
101.447 0.000 10119.301
200.000 9.622 9992.581
157.575 200.000 10116.197
0.000 58.250 10235.188
113.092 0.000 9508.138
200.000 155.490 10163.928
172.842 200.000 9309.046
0.000 135.649 9365.037
37.864 0.000 9406.688
200.000 6.668 9639.175
118.853 200.000 9913.796
0.000 90.836 9813.910
113.213 0.000 10213.276
200.000 127.542 10250.355
133.071 200.000 10490.537
0.000 8.149 9021.402
179.127 0.000 10047.118
200.000 76.162 10484.085
176.333 200.000 10021.225
0.000 27.821 9987.198
8.591 0.000 9138.784
200.000 189.545 9521.799
104.336 200.000 9958.281
0.000 100.428 9618.195
114.390 0.000 9729.293
200.000 24.492 8909.129
193.463 200.000 10480.954
0.000 61.865 9291.407
101.087 0.000 10634.603
200.000 62.926 9754.687
143.103 200.000 11170.870
0.000 158.129 9780.343
98.734 0.000 10281.185
200.000 27.015 10405.746
156.864 200.000 10608.853
0.000 162.168 10180.565
123.311 0.000 9661.979
200.000 78.235 10838.097
50.330 200.000 10905.236
0.000 5.927 8897.485
93.783 0.000 9410.396
200.000 85.411 10327.266
80.809 200.000 10126.664
0.000 99.265 10672.796
48.890 0.000 9722.655
200.000 122.452 10159.431
90.508 200.000 9859.013
0.000 118.216 10580.344
96.214 0.000 10300.468
200.000 3.733 10006.421
173.947 200.000 9380.578
0.000 80.718 10258.737
69.751 0.000 9503.692
200.000 69.498 10229.485
35.571 200.000 10476.724
0.000 167.355 9795.974
67.775 0.000 10113.805
200.000 179.745 10297.607
58.121 200.000 11003.233
0.000 46.627 10142.309
127.030 0.000 10722.157
200.000 64.526 10319.026
115.382 200.000 9751.347
0.000 152.014 10492.019
64.467 0.000 10369.837
200.000 61.530 9142.948
145.708 200.000 10607.549
0.000 76.434 10022.663
181.314 0.000 10144.991
200.000 199.997 10090.088
138.295 200.000 9150.240
0.000 196.571 9708.234
188.541 0.000 10885.379
200.000 1.152 9946.580
43.386 200.000 9810.729
0.000 22.081 9475.610
172.192 0.000 9827.455
200.000 155.642 9117.876
148.733 200.000 10772.417
0.000 63.027 10684.749
75.732 0.000 9921.575
200.000 40.317 9993.177
31.691 200.000 9674.588
0.000 133.295 10188.323
68.583 0.000 10155.265
200.000 87.838 10683.041
46.887 200.000 9989.909
0.000 117.370 10570.039
92.055 0.000 9647.782
200.000 136.307 10063.678
86.227 200.000 9380.798
0.000 10.932 9909.698
131.396 0.000 10210.954
200.000 83.692 9077.550
183.197 200.000 10310.460
0.000 85.694 9358.178
40.661 0.000 8933.318
200.000 132.671 9906.617
67.433 200.000 10227.025
0.000 20.138 9715.890
99.175 0.000 9892.560
200.000 195.651 10967.084
70.132 200.000 10973.378
0.000 180.756 10324.337
182.498 0.000 10085.950
200.000 190.660 11214.476
126.316 200.000 9441.725
0.000 7.543 9831.606
147.088 0.000 9456.950
200.000 78.963 10356.832
167.770 200.000 10687.916
0.000 39.674 10529.985
111.129 0.000 9277.213
200.000 8.628 9854.503
10.289 200.000 10493.021
0.000 175.332 9813.631
180.321 0.000 10362.772
200.000 156.447 9481.368
140.696 200.000 9813.958
0.000 53.752 10486.921
150.617 0.000 9204.639
200.000 147.148 10360.976
181.301 200.000 8982.304
0.000 113.533 10373.525
101.788 0.000 10956.175
200.000 187.335 8964.344
123.234 200.000 10064.805
0.000 33.238 9834.305
96.524 0.000 9945.060
200.000 190.450 11012.712
57.401 200.000 9330.425
0.000 40.059 9641.613
7.845 0.000 9557.115
200.000 2.584 10051.111
113.491 200.000 8737.516
0.000 139.835 9624.511
60.901 0.000 10172.003
200.000 89.070 9347.681
2.995 200.000 9901.911
0.000 164.823 10474.536
14.552 0.000 10003.755
200.000 181.126 10291.045
165.173 200.000 10220.597
0.000 45.869 9703.930
92.959 0.000 9808.829
200.000 83.450 10291.157
113.454 200.000 10180.836
0.000 76.374 8883.624
23.214 0.000 9508.621
200.000 9.020 10492.163
79.467 200.000 9891.352
0.000 30.917 10241.790
197.460 0.000 10948.339
200.000 175.132 10318.010
61.055 200.000 9605.390
0.000 100.906 9721.218
189.796 0.000 10068.177
200.000 140.611 9991.964
91.709 200.000 9966.170
0.000 126.102 9217.690
82.216 0.000 10025.353
200.000 196.548 10259.598
28.539 200.000 10238.187
0.000 109.092 10397.032
188.806 0.000 10360.852
200.000 0.629 10432.605
27.779 200.000 9835.429
0.000 48.740 9972.559
21.820 0.000 9423.554
200.000 87.061 9503.493
144.307 200.000 9841.884
0.000 170.297 10044.671
47.249 0.000 10291.076
200.000 167.878 11306.096
27.803 200.000 10112.322
0.000 103.007 10942.400
21.293 0.000 9315.786
200.000 12.428 10002.800
73.642 200.000 9693.419
0.000 61.281 10070.789
88.472 0.000 10993.135
200.000 42.882 9950.985
98.022 200.000 9920.266
0.000 191.099 9612.681
190.134 0.000 10689.879
200.000 2.643 10251.864
92.061 200.000 10403.784
0.000 142.280 9863.915
133.367 0.000 9928.638
200.000 72.684 10108.749
101.840 200.000 9715.849
0.000 152.190 9965.245
181.264 0.000 10192.302
200.000 178.888 9541.656
126.721 200.000 10525.999
0.000 76.208 10129.383
11.489 0.000 10578.804
200.000 62.597 9962.737
19.453 200.000 10373.408
0.000 186.392 11484.900
47.188 0.000 9831.687
200.000 2.210 9749.814
184.816 200.000 9001.453
0.000 154.873 9741.124
165.837 0.000 10078.482
200.000 186.634 9993.043
7.884 200.000 9771.545
0.000 159.520 10135.174
69.144 0.000 9742.684
200.000 54.958 10243.035
121.169 200.000 10636.396
0.000 30.811 10091.979
36.037 0.000 9428.311
200.000 182.977 10343.584
163.907 200.000 10369.734
0.000 197.962 10166.986
11.298 0.000 10254.117
200.000 163.139 9969.608
59.603 200.000 10230.100
0.000 120.537 9415.835
176.400 0.000 10166.169
200.000 192.506 10785.108
3.973 200.000 10080.330
0.000 174.316 10468.323
39.555 0.000 9044.424
200.000 161.356 11169.409
121.750 200.000 10079.163
0.000 55.929 9713.321
39.427 0.000 9665.349
200.000 167.402 9841.128
175.101 200.000 10030.909
0.000 14.644 9739.415
40.513 0.000 9123.579
200.000 34.372 10126.213
187.224 200.000 9539.009
0.000 9.650 9802.138
169.488 0.000 9864.513
200.000 53.666 9453.869
86.534 200.000 9087.722
0.000 124.323 9390.867
26.376 0.000 10041.900
200.000 68.847 10957.222
182.785 200.000 10811.917
0.000 25.863 10185.789
61.090 0.000 10159.534
200.000 36.587 10245.973
103.795 200.000 9605.830
0.000 87.740 10033.093
149.868 0.000 10410.854
200.000 185.840 10526.394
159.222 200.000 9963.351
0.000 168.304 10708.023
163.060 0.000 10754.263
200.000 174.668 9693.968
189.168 200.000 10136.187
0.000 137.704 10126.643
91.377 0.000 9983.231
200.000 4.759 9594.058
17.291 200.000 10195.372
0.000 140.467 9774.675
106.720 0.000 9570.439
200.000 93.119 10331.163
69.337 200.000 9172.761
0.000 61.606 10249.826
96.963 0.000 10305.056
200.000 54.229 10162.149
124.768 200.000 10127.541
0.000 144.493 10236.522
59.481 0.000 9413.437
200.000 63.343 11109.040
88.529 200.000 10142.106
0.000 136.851 10590.802
1.692 0.000 9718.395
200.000 36.483 9590.281
175.135 200.000 10251.186
0.000 83.532 9918.313
48.077 0.000 9434.655
200.000 92.147 10622.899
32.963 200.000 10189.777
0.000 129.010 9701.661
120.680 0.000 9956.820
200.000 57.208 10216.356
73.597 200.000 10905.285
0.000 87.311 10019.552
109.600 0.000 9605.690
200.000 77.062 10952.693
65.542 200.000 10279.552
0.000 51.158 9386.323
148.632 0.000 9880.143
200.000 118.968 9895.655
62.806 200.000 10261.800
0.000 181.265 9680.427
123.748 0.000 9760.516
200.000 94.184 9817.817
35.144 200.000 10408.720
0.000 13.645 11020.697
87.748 0.000 10161.636
200.000 82.470 10022.726
56.895 200.000 9479.514
0.000 17.601 10033.628
61.560 0.000 10683.562
200.000 154.444 9810.671
139.506 200.000 10220.507
0.000 185.828 9654.221
175.247 0.000 9648.615
200.000 5.158 9508.304
60.011 200.000 10659.935
0.000 73.620 9474.538
165.947 0.000 10818.051
200.000 47.960 10165.452
108.064 200.000 9927.467
0.000 25.220 10360.627
152.347 0.000 10229.972
200.000 123.793 9738.334
194.036 200.000 9731.024
0.000 68.709 10830.608
77.104 0.000 9587.152
200.000 175.448 9902.475
128.579 200.000 9790.547
0.000 37.580 10180.951
3.527 0.000 10777.687
200.000 123.050 10232.605
197.591 200.000 9826.921
0.000 162.857 9767.427
117.349 0.000 10168.265
200.000 74.011 10497.457
132.129 200.000 9406.200
0.000 61.553 9869.769
121.752 0.000 10581.389
200.000 96.146 9689.247
124.458 200.000 9613.579
0.000 130.499 9668.739
195.361 0.000 9788.243
200.000 133.178 10312.073
55.116 200.000 10956.924
0.000 61.683 10103.810
174.891 0.000 10228.788
200.000 75.876 9823.493
68.016 200.000 10953.222
0.000 136.067 10391.076
43.208 0.000 10086.149
200.000 54.083 9544.127
32.679 200.000 9752.217
0.000 25.171 9638.562
159.051 0.000 10307.551
200.000 35.509 9547.791
25.397 200.000 11545.713
0.000 189.202 9940.848
141.473 0.000 9969.530
200.000 119.123 11276.523
147.129 200.000 10327.502
0.000 95.993 9920.453
167.918 0.000 9592.238
200.000 62.973 10096.246
92.775 200.000 10968.632
0.000 143.532 9356.939
9.677 0.000 9450.644
200.000 160.426 11037.764
80.808 200.000 9833.166
0.000 109.875 10243.190
133.949 0.000 10580.116
200.000 71.402 10513.184
64.512 200.000 9788.102
0.000 152.331 9714.187
162.273 0.000 9658.045
200.000 53.597 9944.915
11.480 200.000 10191.222
0.000 5.120 8891.558
155.371 0.000 9815.440
200.000 196.797 10311.184
96.328 200.000 9847.781
0.000 46.625 10388.891
136.106 0.000 9899.243
200.000 73.141 9652.423
158.925 200.000 9867.038
0.000 47.094 10148.711
194.027 0.000 10054.894
200.000 170.185 9203.031
191.008 200.000 9912.034
0.000 178.172 10629.643
102.606 0.000 10702.977
200.000 27.831 10534.401
154.961 200.000 9830.897
0.000 189.977 9899.717
109.233 0.000 9871.648
200.000 101.494 10396.282
104.435 200.000 10692.525
0.000 144.804 9511.879
59.694 0.000 9245.520
200.000 77.845 9988.470
106.106 200.000 9764.954
0.000 29.613 10548.616
33.850 0.000 9830.878
200.000 40.686 9366.675
197.756 200.000 9519.119
0.000 100.308 10173.392
162.519 0.000 10080.881
200.000 104.604 10971.053
70.950 200.000 9630.363
0.000 121.921 10082.242
66.638 0.000 9532.867
200.000 198.154 9960.597
129.858 200.000 9954.571
0.000 5.973 9711.710
85.973 0.000 9807.304
200.000 88.460 10100.393
75.772 200.000 9693.994
0.000 197.029 9511.507
18.092 0.000 9762.113
200.000 174.718 9795.797
85.459 200.000 10521.554
0.000 134.589 9514.095
1.005 0.000 9765.919
200.000 4.708 10664.933
71.507 200.000 10903.485
0.000 150.000
