94.325 131.943 3.058 0.569 995.671
102.487 118.065 -0.512 -1.928 950.964
47.466 128.623 4.007 1.648 1015.047
nan nan nan nan 1068.836
52.897 118.964 4.448 0.105 996.599
nan nan nan nan 974.792
92.456 120.797 2.480 2.032 1018.598
89.918 122.860 -0.152 0.696 1062.308
nan nan nan nan 961.765
31.983 149.841 1.224 1.454 1062.014
nan nan nan nan 1094.285
69.824 121.172 -0.996 -2.903 963.887
108.358 112.952 2.691 -2.665 1006.126
92.971 151.314 1.986 -0.278 1074.372
nan nan nan nan 1027.296
nan nan nan nan 976.150
nan nan nan nan 1001.631
65.950 176.683 -5.081 -0.260 995.747
121.452 147.653 -4.157 -4.281 906.059
nan nan nan nan 1048.850
123.814 146.635 0.992 -1.113 859.772
nan nan nan nan 990.979
53.014 189.803 -1.668 -0.894 934.482
99.939 119.907 5.862 -0.150 996.296
nan nan nan nan 1082.492
nan nan nan nan 1090.496
78.574 131.587 2.368 2.031 869.595
4.530 111.672 1.739 -2.156 947.016
nan nan nan nan 983.960
89.506 122.602 4.194 2.088 1041.209
53.323 185.489 -1.865 0.134 965.471
82.088 119.951 -0.018 1.264 1025.387
82.822 134.813 -0.971 1.230 931.807
56.447 145.661 0.618 1.911 992.181
61.939 180.975 -0.502 -0.163 939.698
126.252 117.762 -5.911 -0.173 1031.257
96.719 134.633 0.660 0.509 1011.085
nan nan nan nan 1059.889
nan nan nan nan 1052.131
92.368 131.142 2.893 1.552 998.142
nan nan nan nan 1003.307
121.348 151.736 -0.670 -2.041 1076.251
nan nan nan nan 936.036
53.930 171.224 -1.190 1.143 970.105
73.099 94.430 0.918 0.094 940.354
nan nan nan nan 1006.857
90.578 135.416 0.166 0.928 1019.236
nan nan nan nan 1014.946
117.516 109.486 3.148 0.592 1021.801
118.176 171.858 0.117 1.036 992.659
nan nan nan nan 1033.866
nan nan nan nan 1021.506
89.483 135.371 0.694 -0.274 1005.137
nan nan nan nan 936.658
80.220 135.743 3.687 1.629 1014.739
53.122 193.390 -1.924 -1.101 994.001
82.647 142.159 6.974 -0.772 958.741
96.219 136.377 1.695 0.780 941.708
45.428 155.348 -4.409 2.480 922.465
nan nan nan nan 979.278
94.521 141.087 2.725 1.043 1080.976
73.677 154.165 -6.653 0.284 1045.557
nan nan nan nan 965.801
nan nan nan nan 940.059
58.870 187.007 -3.990 0.003 962.874
41.769 199.174 -2.234 1.609 1007.579
nan nan nan nan 963.216
85.216 146.723 0.389 -1.309 1102.841
60.201 106.463 -3.010 2.151 1007.504
107.238 144.432 0.696 0.620 1008.362
nan nan nan nan 971.426
90.345 142.571 -0.584 0.165 956.142
48.768 189.735 -2.157 -0.755 1046.345
95.557 131.878 3.708 0.648 921.399
48.890 133.333 -2.260 0.426 1041.453
nan nan nan nan 1045.275
nan nan nan nan 1107.952
nan nan nan nan 1060.115
88.637 141.663 -1.293 1.700 954.717
57.863 192.545 -2.833 -1.206 1043.792
nan nan nan nan 1038.059
nan nan nan nan 920.094
nan nan nan nan 985.992
149.407 138.860 -1.035 -2.573 1019.281
115.911 128.052 0.045 1.142 1060.204
93.324 133.530 3.234 1.997 998.379
90.793 138.195 -1.745 2.014 1032.309
nan nan nan nan 1023.580
87.689 149.391 -6.637 2.106 936.448
169.989 104.115 5.522 -2.575 938.187
nan nan nan nan 1013.585
nan nan nan nan 1002.997
nan nan nan nan 1005.362
83.970 91.755 0.102 -0.811 933.596
nan nan nan nan 960.632
83.548 142.028 0.019 -0.386 1022.429
89.754 131.527 2.656 -2.541 994.169
118.209 141.039 -1.811 0.554 984.772
nan nan nan nan 1071.936
70.318 171.755 -0.646 -0.343 983.108
nan nan nan nan 985.058
89.200 134.541 -0.133 0.263 1010.245
86.389 132.819 3.327 -1.013 1101.258
82.258 138.788 0.102 0.657 947.073
157.517 116.927 -1.529 -1.337 944.315
106.587 112.703 -3.180 0.789 987.723
88.778 121.587 1.533 -0.096 1030.438
91.078 138.592 1.896 0.634 1031.393
nan nan nan nan 972.329
116.510 137.045 0.155 1.631 926.030
26.240 76.127 4.141 1.706 941.506
nan nan nan nan 1022.169
nan nan nan nan 1020.414
97.741 147.538 -0.401 -3.186 1016.473
95.948 129.855 2.242 -0.441 971.149
85.899 145.674 -0.291 1.675 972.577
nan nan nan nan 955.411
59.787 93.657 -2.043 -1.178 1091.743
100.383 121.351 1.661 1.186 1010.923
86.086 154.193 3.393 -0.415 1003.690
98.377 140.762 2.748 2.361 991.851
124.591 160.794 0.419 3.442 956.806
4.728 144.375 3.492 -1.072 926.993
91.247 143.693 3.871 0.603 981.514
nan nan nan nan 1046.492
92.095 130.363 -1.527 -0.447 942.561
83.834 140.561 2.306 -0.596 1038.674
nan nan nan nan 1061.285
56.325 187.845 -1.321 -0.324 1043.818
77.597 127.825 0.051 0.334 980.712
nan nan nan nan 1083.533
nan nan nan nan 1006.186
90.836 143.528 -0.419 0.042 1003.570
55.441 161.628 -1.347 -0.783 902.885
91.435 132.415 2.280 -0.148 1001.823
49.785 190.330 -2.455 -0.914 1038.786
92.985 134.780 2.890 1.218 1141.887
116.091 107.002 -0.120 0.183 1017.366
nan nan nan nan 911.803
84.921 110.270 -0.456 -1.974 1068.344
57.495 184.254 -2.751 -0.364 932.419
92.311 138.561 1.455 0.151 992.606
152.362 147.498 3.981 1.490 978.199
nan nan nan nan 1039.273
112.031 186.565 4.256 0.955 966.408
106.809 154.707 -2.047 0.386 994.970
nan nan nan nan 1052.559
nan nan nan nan 930.021
54.148 195.120 -2.155 -0.681 973.970
nan nan nan nan 1026.456
96.255 112.051 2.617 2.268 1057.058
57.144 189.796 -3.449 -0.399 1183.425
16.821 154.794 -3.939 3.590 989.807
92.665 131.422 3.077 0.265 1038.570
86.413 119.853 3.464 0.193 993.075
56.755 185.259 -2.436 0.160 1095.372
80.957 102.522 -0.180 2.593 1083.065
93.137 150.154 0.941 0.537 952.979
122.720 119.200 4.201 -1.586 1028.690
85.939 130.880 1.880 1.626 1020.345
62.834 188.650 -1.587 -1.016 968.388
67.407 185.462 -1.039 -1.289 1008.557
nan nan nan nan 954.633
79.868 137.677 0.103 -1.817 997.245
58.602 182.369 -1.903 -0.335 894.577
93.172 91.334 1.081 -0.663 943.078
77.965 124.787 3.990 3.128 1030.987
nan nan nan nan 966.456
87.629 123.287 -0.935 -0.329 985.211
nan nan nan nan 962.763
94.270 142.289 -2.555 0.197 993.413
47.954 121.145 -4.109 -2.335 1045.321
86.200 140.617 0.769 1.578 1016.255
55.361 191.491 -2.909 -0.962 1027.090
95.063 132.886 -0.194 -1.268 968.292
118.725 145.121 1.799 0.449 961.506
120.026 121.693 3.294 -1.346 1022.029
79.521 82.761 -0.974 -1.159 1044.308
90.409 135.875 2.508 0.447 999.403
122.987 158.977 1.253 -1.197 901.096
nan nan nan nan 1050.001
91.794 129.816 3.005 0.807 1113.425
155.121 136.195 4.619 0.828 1046.480
85.718 134.376 0.617 2.170 983.934
nan nan nan nan 1045.551
58.598 187.680 -2.720 0.216 1060.021
nan nan nan nan 1004.748
59.559 171.927 2.598 1.054 1032.409
nan nan nan nan 1056.058
nan nan nan nan 982.723
85.348 147.926 1.661 0.226 1003.305
89.631 136.094 3.462 -0.620 1097.737
nan nan nan nan 917.379
86.889 133.625 1.929 -0.779 1003.799
94.930 132.291 1.664 1.235 1043.527
78.943 135.559 -3.008 1.099 927.353
87.959 147.193 1.653 2.630 968.301
nan nan nan nan 1012.358
80.727 162.003 -5.205 1.981 971.875
89.335 139.175 3.847 -0.381 955.844
87.749 132.464 1.002 1.905 996.637
58.878 180.238 -3.762 -1.408 1029.990
nan nan nan nan 1028.381
nan nan nan nan 971.151
56.014 187.646 -3.640 -0.965 968.032
74.893 149.188 -1.473 -0.283 1003.734
87.923 136.011 0.774 0.379 923.796
nan nan nan nan 901.219
96.887 141.736 5.951 -0.501 1047.368
4.734 137.650 -2.673 -1.837 1047.209
nan nan nan nan 914.704
54.308 184.215 -2.030 -1.036 999.067
80.277 131.580 9.505 -0.407 964.684
nan nan nan nan 1012.101
94.880 146.111 2.130 -1.004 1015.282
83.168 132.890 -1.033 -1.367 1042.089
24.527 103.777 5.368 -2.415 888.349
nan nan nan nan 1001.660
94.411 133.679 1.409 0.258 1033.742
59.536 187.876 -1.364 -1.461 943.373
nan nan nan nan 969.870
55.373 185.811 -2.726 -0.028 1049.603
nan nan nan nan 990.294
nan nan nan nan 1050.558
33.389 98.674 0.341 0.962 937.468
89.487 131.011 2.874 -0.850 1055.105
nan nan nan nan 1015.461
59.358 189.399 -1.886 -0.508 1019.535
90.422 126.473 1.730 1.803 1088.664
88.220 125.335 0.059 0.729 1025.248
91.340 129.421 1.000 0.954 889.819
nan nan nan nan 1040.352
57.130 189.214 -3.923 0.477 1019.626
75.849 183.838 -5.286 -0.214 1016.066
84.973 133.712 2.067 -0.217 971.443
39.022 198.010 -2.788 0.918 994.994
76.362 127.228 3.752 -2.253 1049.807
170.527 156.127 -3.059 0.193 1000.617
106.243 138.892 -6.317 2.322 998.096
91.741 139.083 0.379 -0.106 1062.355
85.174 138.764 2.438 1.736 1012.350
63.984 145.586 3.488 -1.031 941.621
nan nan nan nan 1036.487
93.305 112.902 -1.504 -1.608 1008.115
105.418 197.073 2.999 1.114 1095.980
53.970 186.737 -1.806 -0.293 847.200
95.535 131.959 1.523 -1.958 1000.613
nan nan nan nan 1026.582
80.725 138.285 3.802 2.246 1023.376
nan nan nan nan 996.326
nan nan nan nan 1048.858
86.481 132.605 2.237 1.134 1059.591
97.514 133.882 0.382 2.116 1013.910
172.133 122.630 -0.490 2.344 996.969
111.881 142.407 -3.721 -1.871 1032.915
nan nan nan nan 986.481
149.202 150.586 2.245 -1.571 938.060
nan nan nan nan 989.386
nan nan nan nan 942.099
90.607 131.182 3.246 -0.622 909.256
119.684 90.031 -0.750 0.377 966.173
nan nan nan nan 979.081
nan nan nan nan 1021.573
57.312 184.780 -1.932 -0.292 1039.947
nan nan nan nan 990.846
nan nan nan nan 1025.318
92.770 132.290 6.016 -2.350 978.144
72.019 145.731 -1.650 -0.853 910.098
79.186 135.480 2.613 0.192 969.534
nan nan nan nan 972.951
nan nan nan nan 976.858
92.665 121.099 0.103 -1.641 995.111
76.083 127.016 -1.163 -1.201 969.365
58.436 178.928 2.577 -0.796 956.026
nan nan nan nan 973.602
nan nan nan nan 974.846
nan nan nan nan 1049.621
149.029 101.499 3.970 0.507 990.680
57.652 190.870 -3.806 -0.228 1038.098
nan nan nan nan 1047.436
69.316 187.579 -0.479 -0.398 1122.058
97.611 132.107 2.876 -0.483 1102.514
nan nan nan nan 1043.614
84.233 143.202 -0.645 0.676 1002.519
nan nan nan nan 1044.863
94.275 135.284 2.803 0.848 1092.060
110.964 134.071 -0.300 3.080 1094.861
nan nan nan nan 1037.268
nan nan nan nan 1036.149
35.425 137.754 4.774 -0.135 1006.461
57.903 185.543 -2.390 -0.587 1060.980
nan nan nan nan 1004.322
nan nan nan nan 968.818
nan nan nan nan 1015.673
72.973 167.487 1.651 -2.096 1002.217
47.490 78.608 2.395 -1.283 984.381
nan nan nan nan 983.743
80.585 137.226 -0.408 3.468 1048.299
81.752 52.503 2.283 -0.052 1050.508
147.244 115.571 2.758 0.117 946.008
nan nan nan nan 974.298
162.179 137.711 2.173 0.787 970.552
89.337 132.553 0.035 0.304 1014.649
nan nan nan nan 993.855
nan nan nan nan 1023.813
93.823 112.049 1.347 -2.825 991.082
96.615 125.474 1.293 0.663 954.950
96.481 143.062 0.921 -0.443 968.609
56.541 142.966 -1.492 0.927 890.504
91.792 124.313 3.624 -1.120 1024.748
nan nan nan nan 1038.529
88.722 134.648 1.027 1.546 1038.237
nan nan nan nan 997.271
62.532 193.597 -2.175 -0.331 952.349
103.721 127.779 -2.697 -0.696 1032.944
nan nan nan nan 1012.582
nan nan nan nan 1092.663
nan nan nan nan 995.145
nan nan nan nan 935.122
58.454 184.692 -2.379 -0.664 1020.901
88.842 132.836 2.309 2.144 988.577
nan nan nan nan 1044.331
nan nan nan nan 968.130
90.401 127.161 0.309 -0.006 1001.502
nan nan nan nan 969.888
nan nan nan nan 1009.486
nan nan nan nan 1052.022
nan nan nan nan 1036.341
nan nan nan nan 1075.039
50.123 94.501 5.167 -1.318 1112.664
nan nan nan nan 1014.846
80.979 136.085 -0.999 -0.037 1077.245
90.403 140.749 0.857 -0.140 1028.108
159.880 115.058 -3.395 2.359 1000.619
78.553 121.684 1.105 -0.109 1015.776
91.493 132.631 3.651 -1.763 1039.685
nan nan nan nan 1037.080
87.403 133.903 0.479 -0.042 972.031
nan nan nan nan 834.678
nan nan nan nan 986.339
nan nan nan nan 924.907
87.413 137.967 4.851 -1.067 991.819
89.009 143.907 0.827 2.824 1011.675
nan nan nan nan 983.424
138.127 125.230 3.966 0.740 1082.266
65.832 131.649 0.174 0.224 1041.914
nan nan nan nan 960.091
78.345 146.553 2.705 -1.127 1027.735
nan nan nan nan 1051.613
91.861 149.362 3.017 -1.165 981.038
nan nan nan nan 964.456
nan nan nan nan 1002.897
118.944 105.044 3.911 -0.967 1093.897
94.018 162.480 -2.415 -1.764 977.073
nan nan nan nan 918.637
83.955 126.394 -1.522 0.461 994.774
55.876 186.129 -2.877 -0.926 940.511
91.381 133.531 2.151 -0.372 969.866
85.221 139.869 -0.109 2.878 1017.729
93.538 139.525 2.163 0.651 887.328
55.664 183.985 -2.090 -1.488 1037.429
95.376 132.252 1.891 -0.556 975.131
nan nan nan nan 983.406
47.541 132.711 -2.029 -0.417 985.995
nan nan nan nan 982.637
nan nan nan nan 982.391
94.168 148.428 0.484 -0.374 1052.144
48.509 186.525 -2.334 -0.886 1007.697
98.946 168.982 3.650 -1.256 949.900
nan nan nan nan 948.908
nan nan nan nan 894.973
82.341 133.748 3.660 1.098 914.375
87.631 132.387 1.523 -0.146 1034.476
58.839 189.975 -2.366 -0.705 1007.693
94.347 136.818 0.927 1.853 992.749
92.494 139.058 -2.511 3.310 1020.651
nan nan nan nan 1035.653
53.656 141.666 -3.816 0.226 1057.311
nan nan nan nan 1066.225
112.597 156.882 2.144 3.291 1003.741
99.942 133.001 0.677 1.848 976.435
52.869 193.567 -2.210 -1.146 1008.937
111.182 130.117 -0.526 0.278 1001.260
92.317 123.065 1.135 0.524 976.713
nan nan nan nan 913.408
93.932 132.942 0.466 1.306 945.496
55.548 177.781 -3.385 -1.051 1136.721
